995.20 374
263.75
533.69
157.02
318.82
16.54
111.42
96.03
2.64
62.68
6.74
40.23
116.44
31.06
3.07
11.57
62.73
110.56
114.50
44.00
47.91
20.55
24.51
68.42
3.69
38.95
56.46
0.11
43.28
89.95
121.63
83.43
105.86
13.24
42.03
94.80
120.55
109.50
4.85
24.82
63.01
118.36
37.43
100.68
31.29
13.07
53.57
71.53
3.74
17.15
18.50
18.93
12.54
40.43
38.65
39.76
3.98
73.54
54.91
29.33
68.29
15.46
18.21
16.65
74.31
9.14
20.42
50.61
25.93
12.78
10.64
9.12
0.50
11.87
11.59
27.80
12.54
7.04
54.20
14.40
13.24
11.60
30.62
6.57
3.40
20.38
19.70
36.75
4.40
44.72
1.24
4.16
22.96
15.27
19.98
34.39
4.89
12.59
1.54
17.28
28.83
14.27
28.86
17.50
3.17
1.66
10.07
1.72
22.86
9.66
18.31
15.15
33.16
5.36
10.68
8.66
65.08
7.42
40.41
11.08
1.11
27.54
36.51
9.73
3.92
23.38
15.45
1.75
16.48
12.46
9.77
1.87
11.07
9.95
45.75
53.39
9.48
19.51
13.23
3.11
17.89
33.51
13.84
4.99
18.71
8.36
58.27
17.46
0.62
11.60
16.86
2.32
26.91
19.72
1.68
5.93
15.73
34.88
14.43
13.99
3.13
8.11
9.67
4.30
3.53
6.16
10.27
17.08
14.64
8.95
0.79
13.47
21.51
4.49
29.91
1.05
34.85
30.28
6.06
27.36
4.82
13.01
31.52
0.96
34.47
30.70
2.23
3.60
0.65
18.03
22.93
5.04
4.26
11.40
19.21
5.57
0.40
31.77
12.62
1.82
3.68
13.98
25.13
13.54
0.90
21.71
9.15
15.77
5.87
23.20
0.38
4.56
14.55
15.70
4.59
9.07
12.70
0.65
13.24
5.08
3.43
8.95
6.53
0.16
3.76
3.70
2.24
9.05
15.40
8.91
23.09
21.42
9.88
34.22
0.19
27.70
17.88
11.36
46.17
20.17
4.64
23.77
4.24
8.33
21.79
22.15
17.74
3.05
21.08
15.12
4.19
0.26
10.42
27.38
6.93
4.69
6.86
7.31
10.47
13.75
11.66
22.18
1.77
1.79
19.48
1.11
19.42
10.76
0.24
3.17
4.05
1.86
4.66
1.80
3.23
1.41
7.72
0.40
9.78
13.45
5.60
11.42
21.74
7.98
8.12
7.64
4.10
2.82
12.81
7.03
9.47
16.74
14.48
5.70
21.24
20.20
18.07
6.27
24.27
18.99
4.89
16.50
3.96
20.41
32.68
23.49
20.57
22.24
19.68
22.74
1.52
1.81
11.56
10.29
9.00
4.83
5.41
39.00
2.65
11.05
10.92
4.69
17.13
17.13
3.36
5.39
11.05
4.02
0.74
13.20
10.26
5.96
17.55
8.93
1.52
6.80
11.88
10.51
19.90
32.79
0.73
18.65
19.63
3.49
5.61
24.87
14.02
7.55
8.72
7.70
0.36
5.45
16.07
2.05
8.65
7.55
4.77
2.76
0.36
8.27
4.00
2.80
0.93
9.64
6.74
8.45
3.70
8.09
3.58
2.20
33.15
0.38
6.73
5.34
4.59
