73146.98 7898
9791.53
19481.81
39374.18
5899.56
24914.79
5661.41
871.85
5028.59
19972.59
6929.13
4827.72
2442.83
2717.15
10229.84
986.98
5185.21
2543.29
4047.31
538.05
3848.06
9843.07
4855.22
1182.77
837.49
1430.01
138.99
3985.75
574.37
4641.58
2416.26
1985.44
7219.81
2548.74
726.61
1431.42
159.86
191.01
2930.51
1634.95
1861.67
2001.55
1637.22
2776.47
1452.45
332.17
1380.72
1401.28
2041.27
5314.36
5676.31
1180.24
3665.23
290.07
610.65
1119.01
2560.74
418.64
581.77
442.35
1679.17
7379.53
1780.87
3543.35
1210.54
264.81
938.22
1178.70
1813.02
260.82
969.54
2989.12
9.38
2734.11
3385.37
2343.06
2058.80
6174.60
498.79
518.10
3504.78
1548.17
51.00
1656.13
1183.04
7080.16
1042.26
839.62
456.85
35.93
4304.76
137.31
3347.34
1327.42
3635.22
2030.51
436.22
3511.50
4248.61
714.40
288.96
1055.52
2106.48
1405.60
692.67
1284.75
2086.67
1248.87
618.84
691.97
1.91
2162.72
1212.76
781.21
175.60
69.56
508.16
521.11
2605.68
863.12
1128.77
424.54
1672.01
71.74
150.55
48.66
348.51
2194.78
3327.72
348.85
1444.32
990.95
4048.80
649.44
1840.29
2709.59
544.40
1772.23
1284.78
1879.13
825.97
110.10
985.13
1333.09
1563.82
937.41
411.47
1866.56
707.46
1026.83
1114.91
791.28
1834.71
109.07
1447.74
152.18
149.86
705.09
1422.99
611.92
1252.10
501.80
332.86
927.62
472.02
148.00
2655.64
2870.54
54.81
638.50
20.20
135.87
936.30
1570.06
4667.98
1257.75
1192.16
544.74
1152.76
2823.67
1531.79
1149.84
153.90
1834.13
1652.09
2355.12
18.50
1271.39
911.23
435.33
242.95
1004.02
1511.39
399.98
1521.49
310.69
787.91
195.91
45.33
2053.92
599.13
631.46
1648.78
1161.83
44.82
936.46
1512.95
3469.59
1689.22
1949.19
956.17
1555.16
867.30
210.10
369.66
1174.70
377.38
256.09
323.76
750.76
107.66
204.75
221.57
2748.80
375.21
1727.82
706.10
947.46
772.91
250.23
338.86
28.04
1003.71
102.33
222.84
127.97
523.04
678.76
538.67
1276.90
474.65
726.78
1273.28
424.43
511.48
195.23
135.78
650.51
849.80
1471.02
1864.07
8.44
1127.26
225.27
1082.75
253.14
963.87
39.82
60.45
41.42
1250.00
1114.28
192.03
184.18
68.24
1770.48
295.90
1569.96
237.93
60.88
1689.34
1891.16
615.52
341.83
153.61
508.33
371.11
240.81
562.83
427.70
549.70
1839.61
799.19
579.18
632.49
244.24
594.53
208.47
812.04
1258.08
940.58
1910.38
1424.83
900.48
110.86
589.05
1513.17
854.11
693.25
2839.28
426.45
548.33
587.60
791.82
518.21
1116.36
264.38
303.02
474.81
1771.43
37.53
178.18
608.44
823.80
132.53
219.71
158.59
18.93
230.88
502.39
27.81
393.13
604.60
105.49
946.82
163.06
171.50
12.52
2180.91
727.52
59.12
517.58
148.68
810.47
1410.08
620.44
2343.65
1673.55
1690.14
658.34
61.66
1826.21
831.62
869.55
697.92
187.98
314.41
397.36
227.55
5.48
183.84
2023.10
915.31
1147.22
575.08
1785.52
497.38
320.05
301.89
1154.83
1100.42
1063.90
1075.60
1113.66
106.85
1135.83
584.70
2745.42
1190.98
604.14
1176.35
21.66
199.37
583.62
187.34
428.30
211.33
91.59
124.26
228.14
626.72
375.70
511.73
1358.06
1178.27
1464.85
88.14
591.73
1492.98
656.31
812.18
1092.01
313.56
917.91
1237.19
636.08
96.38
0.88
84.61
295.20
663.12
308.49
513.41
8.30
1031.69
17.71
41.56
368.68
106.28
353.91
1702.17
325.82
378.96
514.60
1257.62
250.82
982.05
547.54
238.45
361.54
737.74
669.98
644.97
1031.17
1403.83
1465.97
33.39
121.90
1770.46
82.39
11.01
294.70
326.09
256.45
1032.76
10.53
523.93
1420.37
100.87
2413.46
937.35
377.89
1949.79
121.24
1000.35
343.25
860.34
851.36
271.54
1378.92
1455.16
501.41
1295.51
233.83
849.04
169.86
1309.66
688.13
149.47
347.98
1408.17
446.84
894.68
2150.08
355.16
136.63
500.64
654.33
53.26
429.70
288.28
1819.12
222.90
604.42
775.87
414.46
799.39
658.63
216.52
181.27
247.13
834.14
83.18
445.55
303.95
507.67
285.96
439.65
196.63
53.50
183.54
83.23
196.77
588.99
1020.73
1302.10
306.56
315.24
1128.77
347.18
1444.30
324.49
272.23
573.49
451.62
598.63
510.61
111.39
254.84
1311.78
1468.73
653.22
106.05
24.05
731.93
506.15
576.64
27.28
197.99
646.94
421.14
148.52
507.92
517.81
24.51
1180.83
39.09
431.40
1954.44
23.49
30.76
59.11
371.67
19.59
265.65
441.29
666.03
526.20
1222.08
398.47
305.02
407.17
871.48
844.52
84.72
947.89
238.63
271.26
1240.77
346.76
17.76
9.49
583.11
76.64
248.80
552.19
249.00
410.65
850.30
127.89
350.88
36.64
677.91
104.05
705.49
418.63
135.56
636.00
139.72
784.33
496.03
231.01
83.17
368.52
417.83
301.74
1441.52
105.85
947.41
68.05
303.58
351.80
483.63
550.74
171.13
298.99
116.27
33.31
703.43
443.92
523.91
72.19
371.27
827.89
124.22
598.76
342.47
670.98
948.77
506.49
28.77
472.68
463.19
89.98
482.48
166.30
1050.67
202.86
498.06
656.37
63.14
65.38
381.01
440.47
414.53
1330.52
564.91
153.25
347.20
508.63
1391.87
528.15
569.47
272.11
463.95
61.04
171.31
216.33
278.26
850.89
914.28
157.67
165.11
414.03
791.29
287.60
84.42
678.90
726.36
484.56
319.87
195.65
906.50
946.45
244.55
959.29
632.31
330.89
134.86
442.42
409.92
295.84
361.19
686.82
584.38
55.35
379.96
253.91
866.12
809.46
454.14
919.75
20.34
48.05
109.18
615.21
198.03
205.69
710.76
1041.24
102.67
834.95
106.62
139.21
1317.25
1672.39
635.65
186.62
1208.45
853.17
413.97
743.99
512.15
57.88
189.20
1039.62
175.10
1381.78
265.26
284.97
2435.74
374.28
153.34
843.39
627.53
233.70
335.33
576.03
475.12
302.48
307.94
218.57
74.14
102.45
61.87
796.59
217.80
212.42
993.39
61.65
201.08
962.55
624.89
639.30
216.75
641.42
279.01
148.59
116.18
339.72
129.93
277.25
154.91
237.93
311.96
166.96
597.68
142.25
157.17
596.01
765.94
546.87
318.42
310.56
1141.53
20.53
774.70
861.87
890.58
86.56
259.86
192.85
113.75
998.53
88.13
1148.59
472.76
374.12
61.00
87.76
83.14
707.01
862.87
818.97
227.06
878.76
390.65
881.23
1310.16
490.42
377.39
481.01
250.94
567.65
723.89
567.75
48.45
96.97
278.16
723.43
472.93
366.75
323.35
222.48
406.67
290.80
79.18
257.61
837.56
620.35
935.83
223.58
659.48
528.03
503.82
406.30
622.92
63.91
310.69
536.70
291.34
519.19
298.25
80.07
49.58
17.53
910.07
94.87
39.46
91.76
832.04
186.20
178.58
487.13
33.14
46.70
106.48
91.43
183.69
185.68
1270.42
18.79
37.07
534.62
143.42
287.24
521.39
216.95
269.37
81.73
96.80
850.92
354.22
51.88
398.64
359.60
387.71
27.34
115.01
405.88
743.14
82.70
1235.51
464.58
49.90
80.53
689.71
481.83
555.09
151.38
598.02
274.54
519.58
1590.44
674.94
28.26
24.70
345.61
67.61
659.75
1002.30
216.63
18.41
690.79
699.45
93.59
693.33
396.85
82.20
251.35
153.18
43.84
470.91
264.35
58.47
255.12
32.32
185.37
53.39
102.78
312.49
693.60
103.93
276.36
3.96
371.32
334.96
17.64
427.76
802.68
135.62
45.25
275.17
340.83
160.80
411.01
273.67
120.62
49.56
107.09
52.00
764.00
99.40
24.61
523.08
1041.74
566.09
170.53
225.30
408.03
1137.08
122.78
249.29
651.63
255.30
20.09
79.66
854.22
720.62
15.10
430.49
450.51
333.70
286.10
69.92
707.89
56.36
738.33
10.44
699.02
136.11
360.22
20.04
746.38
1133.56
704.30
1124.91
452.84
486.98
399.38
51.62
349.09
171.36
220.36
60.71
647.99
510.34
275.63
80.58
52.07
102.87
404.46
105.65
1056.63
191.01
699.83
215.16
201.09
558.90
137.30
164.47
13.09
78.58
115.22
143.97
113.39
183.80
108.06
197.95
764.82
1520.56
121.61
291.53
479.94
769.86
71.08
519.13
73.01
244.48
171.73
269.98
461.09
301.26
33.67
427.22
30.50
50.56
161.16
645.49
239.40
990.08
403.04
166.21
105.63
386.31
452.40
721.08
42.05
380.66
201.91
85.50
775.75
320.01
384.22
37.20
852.17
481.72
37.61
625.82
625.18
20.22
238.82
284.84
7.84
54.13
349.99
242.01
489.79
59.88
62.25
81.26
553.80
55.35
629.75
2.11
219.55
679.67
43.83
96.02
41.58
88.28
318.94
979.66
178.32
261.96
77.19
93.55
369.44
72.96
135.47
19.08
32.02
248.93
76.59
152.36
208.52
818.17
212.19
90.86
440.16
44.34
1094.96
512.96
244.71
866.91
1053.28
130.43
659.49
832.89
30.00
293.24
210.49
524.02
542.08
198.45
621.36
55.93
221.60
856.14
4.68
356.62
224.52
71.55
310.05
488.76
611.11
391.15
486.33
281.42
328.19
897.30
242.64
371.49
612.16
433.56
786.74
53.69
311.17
816.36
149.03
466.18
317.40
51.88
182.57
861.61
319.16
98.29
244.09
180.64
280.09
252.71
395.13
76.21
149.82
171.64
143.57
498.50
107.65
503.99
134.01
387.30
177.21
91.72
114.42
448.42
110.55
295.00
573.04
132.05
373.40
333.44
9.50
529.33
182.90
89.41
72.46
245.10
317.32
160.29
270.87
271.98
136.75
691.50
188.11
882.80
385.35
36.06
146.17
24.63
694.87
353.96
724.00
421.35
226.39
401.12
434.31
603.97
321.23
481.41
384.49
8.63
393.17
69.13
248.46
13.59
265.89
277.79
46.10
385.07
91.71
235.80
9.84
191.84
399.23
75.30
440.48
667.22
54.92
1148.28
241.72
389.02
754.17
315.79
644.91
179.77
12.38
187.97
373.34
44.28
150.60
1043.38
58.34
242.92
851.92
199.05
296.93
341.36
148.38
706.90
9.81
570.03
149.35
711.04
298.42
68.40
119.19
85.11
79.05
211.20
169.35
943.75
229.34
291.56
6.53
513.11
63.97
24.31
99.43
276.30
113.97
198.34
403.63
210.57
267.17
389.95
82.78
625.17
280.22
8.50
191.57
301.53
176.64
165.18
658.35
612.75
468.30
364.45
93.25
405.86
6.59
567.28
226.59
236.60
191.07
261.36
475.40
131.39
507.06
95.85
403.70
840.19
90.79
680.30
148.45
464.45
26.07
60.21
180.09
56.70
321.36
201.79
1011.03
300.38
121.09
76.29
123.57
745.20
460.49
11.20
813.12
15.58
488.05
232.35
259.81
694.79
210.24
19.89
580.60
729.81
121.20
770.60
748.98
800.26
51.55
9.73
298.59
512.55
176.94
230.82
822.40
249.73
187.43
216.46
465.07
106.54
364.19
90.62
242.28
401.21
29.48
150.69
80.72
537.34
64.92
658.26
489.23
1003.24
632.29
402.07
80.47
354.92
612.31
90.12
31.65
242.73
90.98
501.22
612.53
64.63
142.67
336.46
681.59
69.90
385.49
395.82
129.48
267.82
1561.82
12.96
560.90
141.52
78.36
94.76
18.08
39.61
398.60
84.12
77.22
81.37
205.42
278.36
57.52
419.51
536.69
1025.15
73.17
32.52
345.63
89.96
40.87
326.18
83.03
227.42
323.93
245.79
391.69
411.81
579.66
59.03
123.72
73.45
244.78
863.14
41.52
565.68
260.32
288.83
271.31
244.83
382.38
267.61
84.27
309.33
89.22
12.47
264.86
694.81
283.83
235.15
260.92
96.24
26.68
42.87
449.32
146.16
151.56
248.67
48.95
33.33
145.33
741.84
24.25
126.68
287.56
78.83
598.48
189.15
156.03
485.14
232.04
260.58
40.64
813.90
127.58
139.49
8.84
528.20
9.10
62.50
668.31
12.14
22.69
280.13
6.88
213.69
64.72
149.68
342.16
130.64
328.84
4.69
39.80
28.05
89.71
2.41
54.10
142.16
121.58
45.74
39.62
263.97
87.24
11.68
348.20
35.17
116.43
156.22
144.26
122.38
28.32
54.50
238.09
626.89
148.50
517.41
271.26
523.88
1.31
113.41
80.85
606.31
321.85
599.92
191.33
63.92
538.14
80.64
84.83
30.65
87.98
569.87
107.65
74.75
20.38
6.67
24.42
368.62
355.16
221.16
671.22
129.63
628.61
61.95
502.83
32.72
153.56
230.29
16.05
479.97
1052.50
121.33
449.31
111.84
31.97
161.46
547.70
349.71
134.08
64.93
167.14
397.68
613.39
96.79
163.20
228.57
363.11
17.19
68.43
702.62
172.65
70.43
163.61
79.45
338.27
518.39
331.12
93.54
391.06
157.20
519.87
305.99
33.10
428.11
411.20
275.52
231.83
348.19
186.90
229.93
567.70
300.07
833.36
123.42
666.95
304.71
41.98
96.16
581.67
411.62
4.54
267.64
150.35
75.29
203.35
141.71
180.21
109.18
192.63
869.80
321.17
488.11
88.79
73.81
206.64
367.08
75.63
144.79
295.15
139.60
347.68
189.15
70.17
516.03
83.15
244.39
28.17
137.95
13.48
604.99
209.46
49.02
129.76
144.80
400.74
29.83
69.67
245.07
192.07
270.42
415.70
203.71
137.23
116.36
314.45
489.60
613.27
184.00
293.93
166.11
14.57
54.64
99.25
313.22
245.69
191.51
28.83
214.85
72.37
148.22
151.95
159.24
267.89
165.43
134.10
41.75
265.37
179.92
174.11
96.66
365.84
83.09
201.51
201.20
711.98
254.86
744.81
66.84
62.24
9.27
716.78
92.29
372.28
52.97
85.68
390.59
76.39
311.58
151.51
14.00
619.31
58.05
25.74
73.97
267.89
275.82
199.13
65.90
142.97
44.95
319.56
140.19
336.22
577.84
86.32
83.83
296.42
130.79
202.63
20.18
10.06
374.95
267.05
217.71
100.83
4.48
397.06
453.03
91.59
186.78
583.02
517.80
189.41
3.63
648.13
236.48
17.46
967.47
524.99
387.38
229.24
508.15
752.17
378.93
23.41
190.23
255.28
76.30
590.46
81.55
66.92
428.47
54.54
307.29
304.06
741.93
59.18
371.98
293.30
195.29
472.24
472.47
19.43
376.64
26.00
290.01
84.56
34.07
31.39
12.02
343.28
286.48
382.41
92.69
59.42
205.17
141.71
277.94
65.60
262.21
72.89
8.40
568.23
1091.27
55.07
18.51
567.31
568.10
463.55
317.76
253.23
199.53
16.99
141.60
105.13
167.93
541.89
225.45
542.09
286.44
11.39
517.93
430.99
484.62
272.89
26.91
355.89
131.56
73.03
302.83
31.72
237.59
30.62
163.41
353.26
220.44
263.81
85.65
336.57
94.61
155.86
290.41
107.92
66.02
253.12
110.31
212.83
283.50
148.54
188.25
200.78
64.58
449.55
289.12
84.28
105.53
112.00
28.83
150.40
82.52
118.49
72.96
4.34
320.41
105.98
346.39
33.87
51.45
387.45
112.90
165.62
417.70
86.40
120.53
121.89
247.94
44.71
289.90
243.32
483.22
78.01
361.09
304.90
416.31
69.90
513.46
377.75
390.17
95.44
343.65
117.87
332.57
333.42
68.45
45.72
25.88
131.03
144.07
71.32
47.66
83.98
279.67
201.27
209.75
622.37
570.05
224.08
106.10
22.33
1.18
126.35
79.61
20.70
365.04
679.31
2.90
341.29
23.91
241.65
452.51
231.47
121.48
306.50
88.81
90.54
271.19
140.99
497.18
89.12
245.14
225.73
134.53
341.59
255.36
315.76
239.90
139.99
110.81
184.63
138.75
289.16
160.81
112.79
195.50
157.57
364.92
28.74
196.67
293.21
12.80
105.33
212.10
166.34
621.23
43.14
678.75
116.12
54.26
58.51
10.34
47.87
79.10
50.85
111.59
697.86
60.18
387.54
50.72
7.58
636.65
367.35
209.39
76.80
365.46
209.87
11.91
393.71
401.83
32.31
770.29
221.40
165.02
46.14
126.24
120.57
72.17
46.26
293.53
653.79
406.14
86.67
538.12
92.51
125.87
323.09
74.44
10.71
113.78
701.33
499.91
166.66
437.20
463.24
321.19
154.44
323.49
12.22
436.41
269.74
135.56
317.16
37.94
435.68
412.94
380.36
44.05
132.33
221.77
65.52
46.23
110.78
31.31
51.67
306.50
58.77
536.67
40.72
203.45
131.25
3.59
936.63
108.59
45.40
184.51
192.12
427.44
40.29
332.12
134.65
70.39
156.11
79.80
490.39
577.01
142.39
394.43
110.01
485.48
275.30
53.84
632.42
17.45
86.78
309.68
62.30
378.76
58.34
260.52
301.90
60.41
215.50
177.15
489.00
179.56
228.92
37.23
144.69
195.87
64.92
117.17
148.16
309.73
30.90
138.43
3.71
76.17
135.19
287.16
106.72
400.38
193.06
493.73
314.96
290.16
215.74
589.03
113.89
29.55
229.65
113.08
83.29
172.60
15.13
135.84
393.87
106.52
132.29
131.62
11.87
102.56
247.53
325.65
17.82
39.15
191.88
62.98
71.61
148.14
106.42
42.48
26.54
392.53
341.38
262.20
204.39
84.92
277.90
109.78
546.25
203.45
142.21
50.11
46.23
7.40
264.16
231.05
119.87
139.08
677.61
619.89
158.11
132.44
368.07
60.97
113.28
303.46
123.65
358.99
1065.32
440.26
60.41
314.76
63.15
37.56
294.36
102.10
101.04
107.33
228.76
348.10
514.24
287.93
167.12
38.87
210.83
161.90
292.60
421.27
162.01
88.49
61.72
167.38
16.78
193.73
62.51
128.84
298.74
80.08
118.44
151.52
153.98
32.20
146.20
343.41
431.53
605.39
338.88
67.61
208.74
10.65
463.73
112.36
218.94
74.82
500.30
638.09
379.96
189.60
52.78
97.94
421.42
13.00
107.36
106.49
163.93
252.48
23.85
497.35
333.70
519.23
468.10
544.61
193.52
78.13
246.06
217.38
107.22
7.43
17.29
53.86
560.00
108.13
237.66
166.04
605.28
244.93
386.12
424.71
77.06
513.75
19.23
319.90
247.31
304.35
180.55
270.11
431.89
20.63
11.43
484.58
329.03
3.16
77.43
227.82
290.34
41.77
456.01
115.48
131.77
637.02
14.88
75.83
179.94
52.80
72.97
376.39
300.94
90.20
295.32
54.80
246.95
208.40
218.71
319.29
365.54
418.97
127.73
104.35
84.69
172.17
166.35
158.68
187.09
181.66
120.67
298.42
98.82
95.01
232.93
321.75
166.85
12.50
0.84
324.51
150.97
184.20
126.74
83.57
17.11
114.69
35.47
156.24
35.86
162.45
199.59
184.70
98.07
285.48
160.59
298.92
177.10
147.78
37.84
38.79
232.44
82.81
156.18
197.11
481.73
453.63
54.92
181.25
476.29
211.98
62.54
40.48
3.86
324.75
543.26
27.74
572.42
228.41
245.54
100.65
45.94
128.86
300.74
30.48
120.36
34.38
77.96
30.55
183.07
556.20
398.64
416.89
3.28
131.77
143.34
71.65
100.15
50.37
29.87
476.50
21.70
116.97
150.36
142.85
370.98
547.60
72.36
208.72
290.37
450.04
383.58
108.88
34.25
19.79
125.34
105.38
136.06
299.58
4.75
210.68
129.10
42.58
81.73
256.88
286.14
457.21
841.06
73.82
271.80
299.40
24.59
70.77
377.40
264.03
129.97
259.54
88.23
91.94
12.65
11.80
461.24
74.97
220.42
25.78
106.90
341.27
144.08
330.92
338.65
97.68
554.36
20.67
108.81
20.10
142.68
222.39
102.18
209.61
405.04
57.33
117.47
299.12
289.50
105.69
361.44
30.89
53.21
127.78
179.52
388.91
17.26
352.83
47.58
495.48
65.92
80.50
18.28
210.88
137.35
177.71
568.87
179.14
566.95
214.21
151.27
10.43
136.42
381.06
514.32
73.10
211.02
324.96
15.73
244.65
14.98
146.58
208.19
13.38
60.92
20.86
531.32
8.97
156.81
738.64
433.70
94.80
293.65
144.16
11.47
51.02
616.67
32.82
109.71
158.09
106.06
149.92
71.69
110.46
213.86
312.52
237.51
25.91
66.59
244.53
59.62
455.40
105.67
148.44
157.36
322.84
159.38
127.71
129.27
104.51
67.11
86.73
153.47
148.19
175.85
158.99
106.57
241.02
47.01
44.11
178.55
51.24
411.04
434.83
241.45
123.74
119.93
786.24
221.58
253.79
312.32
133.96
144.95
247.46
42.07
250.90
280.90
100.93
130.99
299.31
131.95
15.46
27.29
112.78
177.07
7.41
125.49
223.96
610.42
67.65
356.52
80.46
4.41
228.07
106.68
404.85
146.02
12.25
124.60
120.17
133.79
132.35
579.85
135.77
316.91
216.74
185.26
155.29
5.39
449.88
63.46
465.06
16.06
555.99
284.56
132.65
54.55
404.34
146.22
545.39
282.14
156.81
0.54
179.84
25.35
345.85
51.37
41.99
120.24
227.47
240.60
182.93
65.67
318.87
142.41
49.85
8.56
32.87
217.15
66.60
180.78
155.30
150.61
131.04
536.20
625.33
48.17
173.27
113.07
412.80
122.76
193.29
75.97
81.54
112.26
18.44
84.11
325.80
212.51
310.41
10.98
324.32
751.24
123.44
345.02
36.76
53.04
198.52
128.61
225.94
14.46
219.27
288.82
17.62
16.11
104.57
95.80
261.27
259.80
72.21
163.30
118.97
55.07
331.25
140.45
52.87
521.43
277.95
175.25
91.16
161.38
77.04
247.29
646.65
67.00
133.29
43.49
0.10
78.38
272.87
289.66
0.24
33.88
304.70
81.09
66.35
351.44
5.28
9.66
184.84
18.55
78.52
99.13
36.29
50.86
89.68
71.51
48.13
471.21
340.61
0.23
167.82
968.75
227.47
134.20
33.07
136.13
41.92
254.72
310.95
71.61
0.23
178.29
186.55
296.11
316.49
209.35
235.68
2.06
286.98
350.51
100.76
287.53
54.96
142.50
24.44
58.78
2.75
224.92
102.52
164.08
285.14
334.84
53.15
162.09
148.99
78.07
42.79
81.18
6.46
622.16
251.53
454.25
619.78
14.34
98.61
77.96
447.30
129.70
27.66
63.24
309.93
156.82
287.35
50.53
305.00
106.06
429.76
42.58
15.59
231.28
343.79
162.12
499.04
54.53
18.78
96.64
524.00
13.62
307.61
8.42
344.89
306.22
84.98
92.60
19.33
45.27
338.18
64.94
321.11
75.82
100.23
37.52
108.19
17.67
229.42
59.17
46.69
22.25
298.35
67.52
118.87
0.20
550.00
13.09
520.11
131.77
180.76
222.99
330.61
107.00
20.95
406.55
258.83
271.95
304.01
12.47
114.20
76.35
287.32
70.78
114.48
104.14
292.84
535.69
92.15
43.88
35.11
145.76
34.65
306.27
10.79
170.69
3.79
58.19
277.83
748.41
22.75
32.01
443.28
300.67
570.92
471.42
105.13
447.93
55.84
34.19
194.64
118.86
5.75
13.81
47.38
69.59
61.49
578.34
60.51
42.31
44.45
69.29
452.81
476.74
90.54
198.66
250.30
81.42
101.73
48.09
368.58
6.10
427.03
575.13
49.71
712.25
238.46
256.73
93.20
428.59
7.53
110.92
409.33
37.43
29.29
545.50
85.53
155.01
345.42
160.12
379.80
95.09
27.24
191.42
200.96
124.57
101.96
13.01
420.41
339.99
216.97
132.21
420.60
288.53
77.19
451.44
264.37
9.82
254.08
15.97
69.86
102.00
107.34
355.65
189.83
33.39
11.26
224.19
156.04
21.04
104.53
113.25
81.18
311.29
301.48
44.59
180.87
145.86
19.83
436.67
223.16
90.27
49.70
4.30
115.93
62.59
352.60
37.88
385.73
70.40
12.80
39.26
119.05
47.68
140.81
28.76
76.47
104.32
19.09
62.02
4.84
183.89
340.43
55.20
79.48
289.45
470.36
224.78
11.27
63.58
15.06
334.53
268.10
33.20
304.68
167.99
123.96
73.73
254.24
20.72
149.17
103.04
140.17
72.51
82.47
289.33
102.44
10.71
26.65
19.69
29.66
504.70
132.31
372.70
408.42
36.27
302.32
567.05
45.13
144.51
156.28
104.92
176.32
332.88
167.40
168.07
102.26
165.70
30.62
4.40
276.43
163.37
101.15
36.14
119.64
406.96
73.68
4.19
82.31
16.43
130.10
325.83
19.20
339.16
457.57
9.24
44.65
34.39
180.95
209.91
91.61
93.04
79.32
48.99
208.29
387.29
27.33
254.00
557.33
28.65
165.83
65.71
136.71
159.09
75.83
436.47
8.07
76.48
178.88
151.42
57.12
43.49
112.59
62.05
41.87
34.18
377.44
31.25
3.79
66.10
246.47
336.56
333.09
135.75
234.81
17.45
215.19
381.02
67.48
138.04
158.56
137.25
3.52
54.30
43.82
58.35
44.57
19.51
267.78
125.93
396.92
47.67
110.58
64.09
439.46
86.06
404.14
144.31
83.62
231.22
250.43
466.71
166.09
143.51
269.68
197.50
129.12
227.44
26.87
115.43
14.64
37.29
159.14
74.96
44.52
90.30
241.09
438.22
619.30
155.86
105.86
254.96
320.28
57.97
151.19
331.75
77.24
262.68
163.71
41.44
36.97
13.78
49.14
138.63
85.45
67.56
195.01
286.08
394.11
85.38
317.83
73.51
40.40
59.71
364.30
27.57
103.40
338.94
49.33
180.98
33.52
216.71
41.76
34.75
54.05
47.58
501.26
65.73
104.12
224.81
214.34
180.45
189.62
539.63
294.01
444.79
51.51
422.90
328.76
21.06
299.64
172.69
172.11
181.20
101.37
167.45
667.44
145.20
436.48
217.37
273.52
468.87
186.28
56.71
496.04
78.05
314.48
9.74
5.70
307.25
300.44
49.21
269.39
29.18
33.23
110.24
121.13
217.54
44.99
130.05
137.56
281.84
7.24
338.42
594.81
303.57
179.51
211.98
379.59
116.29
30.73
56.28
328.94
86.84
65.49
147.72
189.88
65.27
72.37
365.12
125.64
190.30
45.33
279.40
453.60
82.54
289.94
242.58
177.31
42.67
15.03
88.21
283.73
16.00
189.50
234.04
20.55
18.23
318.22
260.10
528.99
73.18
202.16
358.70
289.97
219.58
168.79
88.60
527.17
305.74
374.16
268.42
587.79
181.89
122.43
178.30
127.19
426.37
112.92
114.49
141.57
115.71
103.80
80.30
385.25
21.97
0.99
102.77
6.98
44.03
118.01
223.69
286.56
157.47
371.58
32.00
234.29
392.65
180.64
73.69
186.70
271.95
309.69
327.02
14.64
316.35
151.30
39.62
285.51
90.85
457.14
327.58
315.18
23.56
405.58
70.92
247.50
21.20
138.01
575.05
588.56
117.48
59.23
278.62
73.02
173.85
118.50
108.56
2.04
95.89
62.13
129.41
185.49
289.21
95.78
146.30
464.71
56.33
120.90
7.25
137.93
66.76
170.35
31.76
38.51
17.41
245.45
6.08
50.85
371.74
125.46
169.65
20.56
141.82
73.85
262.72
76.76
18.41
206.98
294.48
123.26
56.09
245.41
112.16
46.23
71.87
109.97
157.10
45.38
213.60
82.49
360.25
2.21
57.92
198.17
100.80
98.34
14.51
69.20
284.29
15.06
7.88
163.82
157.27
270.81
138.22
85.77
372.89
141.81
307.35
50.69
14.90
221.98
146.27
75.66
171.07
168.43
274.62
291.35
22.36
50.59
528.06
199.35
89.91
41.34
46.76
404.20
160.47
267.43
134.61
70.97
83.30
98.27
64.23
31.64
233.54
350.90
154.74
209.76
230.64
108.77
176.08
103.07
1.45
53.86
24.17
275.49
17.57
48.26
107.36
31.67
98.86
71.84
224.25
74.65
413.89
195.75
276.41
82.65
2.30
21.04
245.04
140.05
35.26
413.85
270.46
46.59
228.95
136.04
90.21
13.13
71.96
42.54
173.75
121.23
270.57
46.84
18.28
13.43
457.02
35.22
505.91
125.53
343.08
77.59
45.41
449.19
427.62
60.13
137.47
287.54
293.55
223.32
62.17
0.47
263.72
282.87
360.21
221.38
31.28
8.72
246.57
478.22
387.01
9.51
88.42
51.31
4.61
53.08
54.52
56.54
13.78
33.74
35.48
2.61
258.14
70.06
113.63
215.71
200.67
265.46
10.41
82.89
129.40
58.56
129.95
343.02
188.10
48.25
153.74
145.90
9.62
172.31
24.61
325.55
61.15
20.91
279.82
238.84
241.11
144.47
216.95
76.09
235.37
277.73
347.28
33.12
23.45
54.84
238.10
68.70
243.14
463.95
66.09
105.03
18.88
69.66
60.27
51.01
357.00
25.13
18.13
100.44
175.25
113.71
112.33
42.48
267.69
328.49
313.84
31.67
9.20
29.20
361.74
12.97
104.13
267.15
123.62
52.46
29.90
26.29
367.28
121.28
84.15
52.20
223.53
2.25
8.62
69.14
140.31
163.93
53.57
125.32
47.50
62.68
129.71
82.36
28.56
165.84
9.95
276.51
291.09
66.83
61.22
154.13
118.96
323.82
268.80
9.64
29.51
332.84
80.93
74.67
91.36
166.82
89.83
202.19
175.21
42.87
272.15
443.82
166.69
55.84
381.95
22.65
29.51
80.78
303.50
434.58
238.64
90.85
233.89
349.07
234.05
151.00
17.06
58.37
115.39
54.76
188.86
81.37
67.65
109.31
152.14
131.15
162.13
15.82
60.84
258.14
0.51
255.87
112.58
140.00
444.01
255.69
105.57
74.02
39.79
195.28
327.92
16.92
7.56
434.53
20.78
10.70
154.03
67.59
402.11
125.97
256.90
178.37
210.81
100.23
490.44
181.66
261.79
88.55
80.64
130.03
241.72
37.66
189.77
247.80
394.58
88.01
122.18
165.23
328.09
322.64
214.12
87.75
2.61
5.43
174.55
103.12
49.27
114.84
110.75
581.49
179.04
131.27
552.36
110.37
100.22
108.79
453.08
158.72
13.51
145.14
16.78
239.66
113.29
202.94
62.96
409.65
138.61
147.17
57.82
37.32
9.54
479.14
130.58
370.81
210.51
143.05
120.43
171.60
182.33
99.47
14.35
144.97
182.06
339.62
167.90
406.10
212.33
2.25
177.70
295.21
100.83
37.19
282.76
52.86
283.15
219.86
444.01
90.68
50.39
44.11
229.39
71.67
47.09
354.19
28.82
126.15
167.76
34.43
48.89
129.29
171.71
392.47
128.00
142.29
133.72
6.65
18.21
85.17
5.40
37.58
64.27
63.21
71.68
60.30
84.16
160.03
262.12
152.90
99.80
249.85
167.17
223.05
488.87
182.32
108.44
91.33
14.73
92.63
93.34
73.84
176.75
181.78
12.95
60.65
109.73
173.25
6.97
124.58
300.53
154.29
107.48
33.48
369.58
28.56
240.90
64.10
83.90
117.89
11.72
145.36
180.04
5.93
380.90
356.95
69.09
18.23
122.65
87.66
198.06
267.14
80.62
76.67
286.63
31.96
75.94
328.93
495.87
212.43
1.49
126.47
14.98
179.42
92.86
65.37
156.52
17.28
434.75
9.44
86.02
382.02
57.36
39.84
199.48
27.06
245.93
68.82
150.77
160.99
42.96
294.84
3.40
113.40
185.89
179.82
263.01
105.57
37.71
138.25
102.81
91.40
23.50
29.88
18.23
351.63
35.50
94.52
245.57
19.72
95.51
80.39
306.32
284.94
174.62
227.60
84.79
133.38
13.95
93.82
26.12
195.88
45.81
70.82
22.99
100.12
178.21
147.11
71.50
20.92
177.25
63.97
184.98
266.31
137.74
116.76
104.08
304.53
18.96
109.69
23.92
70.80
214.28
172.62
180.74
43.70
20.17
217.47
145.76
32.22
42.14
208.26
167.43
361.57
73.32
81.24
195.50
205.35
191.07
234.93
22.69
145.74
138.79
208.58
67.95
144.51
400.48
402.04
122.07
43.01
230.20
160.29
21.15
82.67
262.35
65.74
97.09
14.80
343.34
219.39
124.53
63.53
25.87
98.05
78.31
15.62
190.52
226.13
306.44
61.62
112.58
92.89
95.21
119.67
124.52
237.89
56.43
69.07
92.75
3.45
20.77
515.58
277.39
47.71
108.88
252.83
376.65
58.86
108.10
473.94
455.62
163.52
34.26
225.89
7.94
552.07
5.84
12.48
302.13
317.78
73.75
62.21
99.80
38.27
418.34
575.58
46.25
176.76
90.61
12.70
31.10
163.63
180.91
92.28
128.81
276.44
53.50
80.54
147.13
94.22
39.28
95.41
520.53
56.63
168.14
43.93
27.41
366.71
10.55
303.45
244.39
274.31
133.77
8.67
109.23
275.51
19.94
285.00
219.84
295.33
83.13
140.20
406.42
136.95
174.80
91.87
85.70
175.63
455.81
135.60
151.29
223.62
280.67
86.16
15.67
30.74
282.81
100.05
21.67
52.17
71.92
15.56
67.36
140.57
12.32
85.74
485.79
3.99
161.24
266.60
365.18
190.97
312.37
114.60
207.08
154.36
14.58
239.62
165.47
248.28
166.55
39.20
1.02
381.88
322.52
15.05
204.36
36.79
51.97
81.51
150.71
269.65
74.51
187.64
56.73
119.14
161.47
43.49
95.58
259.22
280.30
472.97
76.20
27.37
69.30
169.76
549.15
121.61
49.91
20.62
34.32
76.16
134.95
53.52
239.51
133.55
336.27
137.23
458.15
212.33
8.09
59.97
217.58
373.22
17.39
164.57
37.34
29.26
50.00
28.49
238.52
124.41
170.69
73.54
266.13
5.59
235.28
179.97
782.16
19.46
155.22
32.39
29.63
16.54
381.59
9.70
692.33
41.53
425.62
11.01
16.65
57.21
1.67
37.81
91.28
105.31
111.22
268.67
204.06
84.93
204.24
468.41
490.45
96.07
203.82
104.82
475.12
286.52
39.34
42.97
386.02
139.94
153.74
238.45
92.41
45.23
181.97
295.00
247.27
121.69
85.54
135.48
71.75
53.94
78.21
172.94
22.31
99.15
249.90
14.44
70.27
178.23
384.69
91.38
154.32
4.82
184.65
41.28
95.04
0.41
130.47
196.12
100.18
315.38
155.84
82.03
181.38
120.31
24.01
21.42
119.73
15.90
14.95
53.75
1.41
106.78
288.94
1.89
67.18
52.68
17.67
487.75
256.91
272.23
248.77
61.97
54.24
38.20
81.78
103.73
230.06
15.75
143.47
171.16
21.77
205.00
223.13
358.21
114.92
1.26
23.85
2.56
33.39
250.65
80.36
132.73
95.71
38.43
4.98
515.28
305.92
73.52
342.53
45.86
13.96
87.51
28.82
53.60
61.80
113.46
104.73
187.46
96.87
73.92
16.39
232.39
76.13
17.39
183.60
116.48
89.61
90.42
35.20
62.85
360.53
116.06
322.87
26.24
243.30
98.93
48.36
164.40
512.01
409.88
6.75
31.06
219.44
57.41
260.92
265.08
111.48
267.18
80.62
115.82
10.90
166.31
3.52
415.55
136.02
273.70
331.83
41.48
164.82
14.65
112.68
375.87
69.35
242.03
117.23
87.42
4.71
169.10
145.77
18.45
89.14
180.64
102.09
56.46
158.15
471.24
146.78
185.43
77.60
124.60
83.18
180.03
89.75
254.53
11.06
21.23
19.24
18.63
14.15
38.04
310.46
49.67
377.39
11.12
88.71
101.91
214.93
41.59
132.63
167.69
202.33
250.68
166.36
168.91
47.81
389.79
48.07
15.79
18.95
6.79
14.08
53.75
81.80
296.02
1.57
251.50
359.38
22.00
44.23
82.30
97.45
268.73
22.69
167.81
137.87
587.20
117.71
63.41
3.32
391.84
124.21
205.75
215.06
534.56
319.08
115.15
180.47
9.28
228.86
336.16
44.83
100.16
193.09
88.58
171.69
19.68
97.40
93.40
88.06
10.87
87.20
40.14
127.68
53.38
38.06
122.38
103.46
85.25
235.00
79.95
23.55
13.02
265.26
117.27
95.07
235.25
174.24
27.28
66.78
115.66
301.88
371.51
50.68
152.46
48.51
2.25
86.52
162.37
71.97
61.25
32.47
26.13
74.72
377.12
48.70
369.36
226.01
14.04
42.19
195.99
1.58
21.54
12.75
17.13
29.69
57.47
16.19
91.56
185.55
18.38
223.71
34.86
27.19
63.18
127.09
187.68
185.87
119.54
159.16
7.54
58.32
74.44
171.38
276.37
35.37
230.08
192.21
161.92
215.70
139.10
3.31
58.19
289.89
70.67
68.79
296.49
7.66
182.57
123.75
189.91
174.73
335.14
182.71
22.11
64.18
6.21
124.69
46.94
18.85
72.70
69.76
494.12
172.69
384.58
44.54
10.79
42.21
78.64
344.07
114.51
1.25
120.70
18.15
184.42
50.24
114.90
20.44
355.90
43.10
171.20
34.14
32.61
86.28
239.66
131.76
127.17
51.56
101.84
174.13
26.63
440.31
40.05
5.84
41.68
246.55
12.91
278.34
18.36
321.29
404.25
216.97
398.45
13.91
7.61
140.80
11.21
104.65
59.56
46.14
89.07
67.97
325.66
226.90
112.93
7.24
4.51
100.76
179.66
30.84
54.46
187.58
64.41
172.57
48.57
200.72
38.01
185.85
151.42
132.67
131.64
198.02
197.67
198.60
10.26
162.76
110.66
70.20
127.50
291.12
204.74
315.28
96.89
247.66
55.78
24.72
222.14
129.16
26.97
200.09
327.68
251.08
98.29
393.13
53.79
12.80
72.66
20.24
76.58
69.61
229.02
212.97
627.56
153.21
34.37
345.01
34.83
17.32
65.81
136.30
99.09
48.83
61.70
161.22
112.23
268.08
64.47
213.13
149.45
22.76
26.87
121.41
104.85
51.95
344.63
5.56
186.84
5.22
46.01
38.56
171.28
105.27
173.21
168.67
34.36
36.66
154.01
124.96
211.36
34.81
25.34
273.27
126.51
111.22
426.27
35.02
112.09
102.76
147.48
143.87
156.10
32.28
258.61
187.63
131.30
191.10
136.10
25.39
157.66
7.97
5.88
99.00
111.32
220.28
78.45
99.97
291.33
83.43
89.63
179.46
426.20
139.85
75.40
35.55
39.09
1.13
16.09
34.40
139.29
139.12
252.08
18.17
231.85
326.95
346.65
153.55
42.48
36.55
142.00
97.96
92.89
171.24
269.79
87.63
63.43
521.31
67.17
118.66
14.78
123.27
81.29
99.65
264.87
26.19
42.28
199.40
280.21
345.39
68.26
245.02
46.42
107.82
11.93
52.38
88.91
213.68
72.36
233.32
125.97
115.65
11.59
21.12
49.16
56.04
17.88
29.78
332.87
111.21
398.80
69.53
30.11
22.16
228.68
32.98
361.77
99.62
109.76
17.03
225.25
168.49
80.26
35.96
104.59
179.33
304.47
176.63
209.80
33.64
0.44
79.62
3.33
10.32
134.08
13.24
24.53
19.93
282.09
169.51
35.75
46.54
117.23
161.29
243.86
312.29
182.86
60.66
30.68
98.98
123.20
91.46
173.43
287.72
152.95
204.81
155.21
53.26
101.78
6.74
54.03
0.16
148.55
271.56
81.14
232.72
9.77
149.08
210.20
46.28
114.09
108.72
57.31
65.25
15.82
26.61
17.33
54.40
52.28
34.07
60.41
211.70
102.47
38.82
52.67
164.20
112.81
140.50
219.48
181.99
45.17
129.50
124.84
90.69
246.50
124.44
158.85
122.24
204.65
94.94
133.14
66.24
19.46
56.55
140.46
16.36
137.78
233.02
326.82
136.52
202.58
26.17
63.11
124.65
139.13
79.42
106.37
143.03
472.52
64.61
321.92
171.17
33.48
51.19
148.36
121.98
73.16
53.29
430.47
197.93
32.79
92.56
32.98
37.98
132.83
12.59
260.69
47.01
191.94
337.11
28.54
219.46
67.06
96.53
1.89
4.44
147.93
208.15
173.65
161.57
34.06
117.54
211.35
65.40
118.02
149.53
306.68
522.88
109.78
133.96
131.08
222.36
44.60
56.63
2.82
293.54
16.87
98.86
46.79
111.55
40.62
408.70
89.30
240.09
37.41
1.79
405.64
55.56
130.25
231.65
254.80
63.88
20.80
169.05
49.23
239.89
125.92
286.35
187.73
211.83
205.91
37.37
25.22
155.79
46.64
320.56
266.11
151.50
34.79
237.09
300.68
166.69
14.53
11.91
96.14
95.42
206.14
141.21
167.84
23.31
59.42
332.45
56.08
195.16
0.91
389.58
160.37
39.98
46.34
114.87
143.49
28.85
27.57
7.75
151.09
122.40
21.88
174.32
26.71
96.28
9.36
11.76
92.42
2.87
27.21
254.77
97.07
214.87
18.70
338.56
65.03
156.48
18.97
33.16
31.89
166.88
27.69
240.06
72.23
2.23
183.22
124.49
83.21
175.19
67.51
58.67
42.76
108.02
478.14
127.04
267.38
86.27
55.68
267.48
250.63
4.45
176.65
39.78
169.86
239.74
6.49
79.60
71.80
60.73
205.74
26.33
154.80
148.39
26.72
17.05
53.34
126.24
51.39
38.29
274.50
116.13
31.13
6.38
310.57
24.86
146.56
267.58
10.74
39.50
1.06
13.49
174.59
36.17
17.05
57.12
97.00
136.33
2.02
61.13
294.86
108.11
30.84
146.48
85.43
64.17
173.27
93.49
372.01
67.97
122.00
271.76
119.05
13.29
51.35
73.94
100.36
209.11
55.97
281.34
125.62
652.54
12.91
145.90
15.50
90.18
128.13
28.88
55.92
228.45
24.97
23.01
61.18
93.19
193.05
5.63
170.15
29.74
230.49
50.47
93.56
34.98
48.24
153.54
17.29
365.64
267.88
313.71
66.92
83.19
32.77
51.83
11.89
299.09
4.66
2.82
174.94
126.36
187.65
107.01
48.53
15.00
151.49
39.15
5.80
46.21
88.46
64.91
135.11
50.75
55.02
241.32
55.84
392.85
2.70
145.44
160.21
225.35
151.90
50.52
66.62
116.54
72.63
117.82
0.37
116.37
146.38
175.06
75.83
266.81
29.99
91.85
48.79
178.16
381.41
4.53
149.84
96.05
193.37
157.53
294.67
146.62
35.67
174.25
64.28
453.79
73.12
165.37
280.07
167.58
39.03
59.30
76.00
71.50
20.20
172.20
29.98
93.14
293.31
87.52
8.83
260.54
48.19
61.10
205.88
75.58
64.00
93.47
160.53
129.81
5.94
11.83
416.89
72.13
521.93
82.60
160.25
125.51
270.98
105.89
65.12
210.11
19.64
123.93
42.17
75.75
436.81
12.88
25.83
102.27
179.00
17.18
58.05
71.57
44.09
393.42
186.10
129.98
32.51
155.03
55.48
24.41
285.17
27.99
93.45
15.75
174.42
12.74
278.26
41.06
83.22
304.26
41.69
242.23
223.46
143.09
27.28
11.17
114.45
20.31
168.94
53.89
294.22
455.45
5.50
70.69
192.95
79.31
31.53
105.83
49.97
19.62
53.20
66.28
17.35
2.59
188.90
199.39
87.04
87.62
21.63
96.25
161.17
72.48
200.60
136.94
30.41
266.68
63.24
205.36
427.79
37.75
6.41
52.90
90.01
91.28
256.35
120.31
58.78
328.50
141.18
79.19
188.15
16.29
36.81
2.46
300.91
63.31
133.95
139.29
118.97
0.61
207.82
287.23
151.64
84.88
266.64
9.68
336.67
329.01
236.94
325.08
233.80
15.71
170.33
158.45
104.87
214.88
6.69
18.94
98.10
137.78
187.18
25.40
156.53
3.24
59.61
95.76
1.51
50.59
49.90
83.68
241.89
265.08
10.19
112.39
25.47
57.77
112.58
64.61
3.11
109.88
299.33
10.53
384.13
52.22
17.28
76.07
39.38
36.35
166.51
53.03
317.61
9.93
308.24
68.80
122.70
33.77
71.68
20.69
310.38
241.83
334.27
144.45
80.83
15.40
38.74
47.55
81.26
75.65
115.49
21.33
13.88
288.67
97.90
168.14
51.74
55.46
272.80
246.16
71.69
27.83
43.28
190.83
139.82
7.36
58.28
6.28
30.21
138.72
137.69
20.02
132.97
190.97
29.92
20.87
223.27
80.98
19.98
357.14
383.14
260.15
89.59
40.17
39.85
618.52
23.27
1.86
24.62
95.13
4.69
356.12
101.98
38.47
452.16
45.49
37.14
175.58
104.24
163.18
37.31
39.27
14.94
54.91
63.60
222.49
21.65
88.95
68.18
27.23
85.55
70.56
125.33
9.07
337.97
30.64
269.52
292.94
207.72
78.59
167.00
165.17
21.97
478.62
74.60
4.03
13.01
30.99
165.57
81.55
135.91
157.84
74.92
84.29
19.48
19.64
127.91
127.02
194.13
96.79
0.60
44.91
74.95
117.93
258.67
201.48
29.58
1.89
5.68
21.58
62.65
227.55
83.45
22.56
84.00
83.96
196.34
53.35
70.95
39.37
120.73
40.21
311.97
102.02
176.66
33.45
265.85
164.02
10.05
215.40
138.21
22.16
99.40
163.90
94.73
343.32
100.06
187.44
53.47
130.35
194.29
32.30
72.30
56.01
204.89
507.34
265.48
155.66
30.43
1.03
94.45
16.59
29.29
83.32
95.79
209.46
140.21
49.05
65.19
85.54
7.57
185.63
239.77
53.07
76.49
122.09
94.04
43.64
18.71
22.12
85.26
391.53
23.10
231.32
46.48
153.02
50.67
62.71
170.11
210.13
157.27
204.37
6.10
147.63
169.58
45.79
44.18
27.86
178.29
279.70
0.85
45.71
145.14
197.96
104.38
17.99
37.91
161.59
86.87
135.80
103.30
75.91
4.92
1.99
17.75
129.60
219.27
36.26
43.27
104.14
3.20
65.53
164.61
112.30
19.52
147.55
97.58
121.60
456.27
79.30
197.28
26.04
281.62
163.71
33.27
271.90
46.67
176.09
53.40
63.01
218.74
112.06
403.73
138.45
26.47
216.11
20.51
474.49
14.91
168.24
0.20
176.99
10.67
208.90
239.72
29.42
219.17
59.82
44.49
126.08
141.44
73.22
205.07
111.08
19.75
53.38
30.14
92.44
258.65
257.19
127.64
322.65
21.50
142.57
45.46
38.18
223.96
24.63
178.33
158.78
21.03
25.47
516.20
252.90
44.73
60.65
39.76
85.69
191.35
126.65
110.78
99.19
35.33
133.76
245.21
281.32
62.37
43.07
73.85
141.60
55.94
4.19
94.88
8.08
18.94
136.54
39.60
59.82
5.92
59.24
28.38
103.06
300.68
31.93
64.71
183.13
127.76
53.77
145.69
9.28
224.52
21.19
115.00
222.14
116.24
17.85
32.85
63.65
173.76
50.21
37.97
4.21
186.97
62.23
157.49
297.53
113.35
112.34
96.70
173.18
123.74
208.38
115.68
111.73
3.08
124.46
3.09
161.80
77.35
42.14
61.04
55.85
30.63
85.00
105.24
258.41
32.56
46.23
56.68
141.42
150.51
197.78
165.11
36.31
142.64
108.05
22.36
174.50
4.16
130.99
219.74
352.52
182.54
36.03
116.51
21.30
22.71
24.03
15.18
365.16
98.94
76.70
117.14
65.22
146.61
17.62
119.06
145.28
237.57
11.02
187.72
302.77
41.63
55.31
399.86
107.53
16.89
79.71
284.01
75.32
100.49
71.45
91.24
267.66
40.87
58.94
352.32
217.64
298.58
20.09
77.52
147.30
37.11
70.07
30.24
170.29
93.65
278.43
60.06
1.89
65.97
33.17
72.81
164.82
163.43
23.86
248.84
48.34
26.45
47.99
94.04
33.08
156.56
20.22
223.91
198.65
135.75
117.80
7.63
27.35
167.14
91.69
413.28
4.13
48.43
122.46
30.60
219.94
84.54
42.54
45.49
329.59
261.19
34.59
180.83
24.40
59.92
37.27
119.03
61.11
109.77
118.83
291.94
159.69
56.98
431.44
187.48
135.63
73.65
37.00
35.72
15.05
77.63
125.08
67.69
98.07
10.82
136.37
98.79
45.77
159.65
27.15
67.50
150.74
202.45
74.95
62.27
26.28
153.45
119.81
26.67
24.47
221.57
5.43
201.95
120.93
147.50
39.65
68.99
160.77
42.60
163.84
92.14
159.99
175.51
70.72
25.61
108.44
32.94
26.11
1.09
83.98
564.23
104.75
197.60
22.95
260.96
3.57
281.25
24.11
174.84
235.35
50.46
69.81
208.37
77.95
46.56
54.74
225.60
210.54
174.27
81.32
239.26
332.77
72.14
24.79
73.79
37.71
94.10
49.94
77.84
285.09
232.76
56.32
9.25
27.41
150.30
45.48
2.89
163.91
223.04
292.56
290.63
50.57
38.67
51.31
167.96
1.44
74.41
19.82
319.16
350.30
219.17
112.74
300.67
41.20
80.36
129.09
62.20
303.13
63.48
27.15
37.73
256.20
191.00
82.30
92.51
288.81
54.03
102.06
74.17
38.74
162.25
87.87
311.51
270.90
13.02
218.33
140.97
116.13
96.26
138.14
176.54
48.27
30.49
185.02
83.72
16.06
1.40
243.53
76.35
85.50
88.93
156.84
40.00
167.14
1.06
116.94
8.01
120.56
134.47
100.84
15.63
12.93
123.32
46.10
99.84
158.79
28.32
173.97
117.23
11.59
122.04
136.99
263.23
70.26
70.67
27.57
112.85
50.93
41.98
23.26
180.40
122.41
3.22
158.34
365.84
232.16
171.93
31.14
193.95
26.58
221.58
300.08
110.53
298.13
105.43
4.74
284.88
92.14
97.15
33.58
188.76
14.23
25.84
35.67
220.20
125.67
105.75
21.39
253.02
37.81
10.79
75.67
1.46
14.21
253.01
146.51
138.11
356.16
165.94
254.18
115.77
280.64
211.13
260.05
133.52
259.53
37.00
333.17
75.41
331.11
101.71
123.96
124.81
235.52
230.60
101.01
56.85
80.70
20.50
57.18
93.57
136.96
85.15
225.65
61.44
15.77
60.90
18.54
94.38
9.91
189.77
19.62
144.48
23.48
31.53
302.81
102.73
116.56
71.28
73.81
182.35
213.43
18.19
12.77
50.27
290.74
58.09
61.15
80.21
189.74
175.28
159.77
9.42
7.47
1.77
167.56
134.19
152.45
107.57
61.24
47.11
120.72
45.67
148.59
130.68
164.64
249.46
65.60
27.79
144.76
216.52
207.40
129.77
16.91
146.63
13.02
381.13
79.72
110.74
35.48
88.89
107.63
290.73
269.19
73.72
106.27
261.90
56.70
127.02
383.40
21.98
115.99
77.61
4.01
12.70
11.96
158.88
2.02
164.30
66.30
33.41
146.18
141.91
26.86
18.09
93.77
54.20
260.81
47.35
227.08
21.69
315.26
70.34
70.99
41.14
112.46
96.71
156.43
23.14
5.38
40.94
184.44
100.60
44.01
84.31
67.81
20.95
62.70
50.77
23.36
168.18
58.64
72.56
54.63
23.60
73.25
95.34
43.18
124.29
123.39
36.70
182.37
1.06
76.11
139.63
53.87
94.58
90.57
37.70
18.44
67.18
22.06
19.00
195.71
193.65
78.56
233.65
91.85
72.20
251.89
96.67
48.80
41.87
44.35
74.87
180.35
174.76
276.96
188.41
3.27
28.20
5.67
139.58
293.81
197.16
117.36
472.71
6.21
42.03
40.34
163.81
27.48
54.30
11.70
12.11
12.28
228.51
49.14
159.46
231.63
186.26
355.38
32.55
37.31
6.79
37.48
130.30
34.51
301.96
82.73
109.14
95.95
33.20
111.11
411.44
8.48
334.22
83.01
76.83
72.71
149.31
193.51
226.31
226.84
52.89
27.87
149.19
10.22
33.92
32.12
233.49
47.95
15.62
135.14
72.55
308.04
256.13
179.74
60.70
94.88
12.20
156.75
214.26
66.81
79.14
61.35
85.73
217.38
116.97
244.78
289.02
99.46
122.49
107.15
176.00
57.76
28.06
147.46
0.18
90.25
145.92
204.07
39.69
17.02
95.38
8.50
104.34
147.96
134.55
45.90
128.22
115.65
318.07
71.11
8.14
284.73
99.63
0.55
116.78
218.31
39.61
177.59
289.64
126.27
29.32
115.81
116.07
376.10
82.47
202.01
301.60
201.35
72.74
24.95
11.75
215.64
89.15
57.95
33.91
30.09
46.44
106.74
43.04
264.09
54.83
16.72
86.21
166.61
210.58
144.63
195.72
22.10
161.26
0.82
57.19
23.19
103.78
173.90
122.67
4.37
44.46
4.39
43.46
135.39
142.76
174.43
20.66
131.41
116.22
124.95
14.33
57.75
145.93
237.57
19.47
6.10
92.58
119.15
7.23
141.80
20.26
101.05
8.68
60.56
17.33
192.72
3.05
174.88
202.85
99.75
155.59
47.68
43.83
61.90
128.62
3.01
2.26
167.45
57.10
208.13
102.47
328.05
57.13
116.50
62.60
16.63
327.28
121.51
193.27
0.71
17.74
0.43
63.26
97.29
15.48
64.05
41.81
171.12
102.22
58.55
206.12
293.15
39.83
124.11
344.09
148.65
80.92
154.58
67.20
32.21
217.59
76.97
221.91
19.24
189.40
10.27
156.91
107.17
76.56
205.68
74.49
21.63
165.09
33.78
202.21
147.03
65.84
66.70
9.49
287.38
76.42
23.54
203.73
69.87
227.09
18.78
83.20
97.85
36.18
171.10
114.75
33.84
44.36
38.51
70.29
8.78
14.36
99.80
18.68
102.97
269.28
42.37
42.22
172.50
117.94
120.23
42.43
106.99
37.22
174.21
183.62
304.76
187.13
13.25
31.09
2.93
6.55
2.66
140.70
274.45
47.90
200.67
3.79
48.10
394.42
71.76
7.08
26.68
44.10
29.05
8.52
222.41
133.45
289.33
176.69
174.43
196.64
33.30
7.40
293.88
42.30
38.79
80.66
85.28
157.75
71.36
60.33
223.24
100.96
45.51
111.41
56.10
14.39
14.70
9.17
36.34
170.45
151.46
61.47
8.82
76.54
75.55
11.56
50.21
78.92
33.60
48.67
190.00
131.60
104.50
24.84
3.12
14.47
79.75
75.25
115.08
95.22
183.13
30.18
255.17
230.68
1.28
47.83
12.85
149.20
121.75
106.67
330.99
17.16
9.73
82.79
48.32
116.72
44.96
89.05
134.50
17.22
63.19
312.73
102.05
0.82
101.48
323.71
46.64
117.82
102.15
1.07
62.72
82.88
126.69
38.27
43.84
38.61
52.86
125.43
204.10
200.76
277.59
125.72
72.03
179.45
101.17
87.95
69.00
16.67
121.00
118.82
3.53
2.36
110.02
52.70
153.92
210.82
17.70
138.96
277.02
135.07
83.05
118.88
33.17
92.04
298.98
137.88
141.21
266.42
396.22
92.64
50.00
39.15
3.07
61.50
193.85
226.43
178.55
177.58
391.38
56.60
69.00
5.61
77.74
35.74
215.05
42.16
255.43
66.34
16.74
34.42
32.78
109.38
202.27
46.06
61.99
55.05
82.50
44.91
47.27
125.83
31.34
63.94
94.43
26.37
24.07
122.86
55.15
51.98
1.48
109.18
387.40
53.87
155.33
85.76
2.95
31.70
80.67
208.78
151.41
126.73
157.22
240.40
31.52
1.45
160.23
414.45
21.44
157.29
87.52
42.19
103.92
213.45
34.94
22.66
21.98
13.30
65.74
25.52
145.38
145.52
108.47
128.45
96.56
223.68
33.77
51.79
90.20
30.66
45.86
388.44
118.59
49.65
24.39
69.86
113.55
73.23
153.95
212.70
32.93
234.63
113.08
1.27
106.74
132.00
14.25
340.21
54.59
138.72
5.60
48.59
80.11
54.52
55.39
101.90
14.65
133.77
138.52
48.75
85.17
96.87
318.24
66.56
89.40
46.23
48.35
62.47
112.99
81.73
61.56
257.82
106.05
228.21
37.99
131.48
97.97
76.29
85.55
120.96
150.09
170.76
87.43
28.51
25.09
71.76
82.93
12.55
41.90
11.92
78.59
76.95
64.14
2.31
19.28
10.64
16.93
13.82
230.00
98.30
107.70
100.24
0.27
22.84
119.01
46.46
50.40
202.86
48.06
122.09
114.92
32.67
404.20
3.60
112.17
214.83
8.66
84.83
1.59
36.35
40.27
53.55
149.92
20.07
73.98
53.33
76.67
7.76
166.18
95.71
19.64
38.32
265.28
110.66
459.63
53.48
191.11
90.24
291.61
40.29
7.30
137.34
42.41
169.67
155.62
44.03
28.72
10.19
39.49
79.95
77.96
303.38
171.56
163.87
324.13
144.74
41.12
160.29
8.11
357.88
3.90
25.41
332.62
160.16
175.74
258.83
45.55
49.83
230.58
11.92
49.58
1.55
171.64
122.89
232.06
52.27
202.20
187.49
162.35
89.69
13.34
53.31
126.51
253.48
125.14
42.46
276.11
78.43
33.31
194.80
161.01
208.33
331.76
47.03
211.59
189.35
304.34
88.58
58.63
6.53
59.70
119.28
284.62
104.07
14.03
271.60
17.98
68.74
110.16
381.91
84.66
126.18
179.11
12.83
9.01
17.00
470.55
96.20
107.82
121.18
28.65
145.59
291.89
124.35
187.69
69.08
60.74
68.19
131.49
29.52
38.14
64.17
29.49
214.74
311.47
135.30
148.48
137.27
153.04
56.30
208.85
52.25
33.51
156.11
48.27
11.43
3.15
45.12
36.81
36.84
89.07
159.67
32.22
284.08
53.47
120.83
40.92
51.46
47.27
132.60
32.61
4.45
95.67
165.81
84.23
23.56
114.72
121.05
37.08
158.86
196.37
44.83
156.11
68.92
347.26
41.27
79.12
176.07
20.57
104.24
34.98
6.60
56.21
23.45
60.92
188.12
57.19
6.89
448.24
167.72
328.30
110.32
211.43
69.96
21.25
3.49
81.41
77.15
93.05
57.52
78.38
172.86
103.30
87.84
22.95
161.52
52.83
219.99
103.02
174.92
54.45
60.51
8.31
106.63
48.51
33.83
179.63
27.01
23.26
23.90
156.79
37.37
228.48
93.64
88.44
63.93
187.43
99.33
51.41
20.17
127.45
31.55
37.74
134.15
93.86
36.83
38.48
79.07
219.15
9.04
125.31
45.35
177.88
60.95
26.53
224.80
101.58
167.91
37.02
89.19
76.43
158.47
109.61
41.17
141.32
204.64
62.75
51.44
87.07
182.50
65.39
48.09
9.30
168.08
59.17
88.74
66.47
91.14
38.46
255.76
55.19
122.23
57.00
16.65
199.25
97.51
192.68
0.66
41.46
62.50
242.80
32.50
52.46
122.33
111.59
63.90
31.44
1.24
65.41
64.29
170.38
59.77
121.03
53.32
65.28
121.22
95.43
167.98
84.49
93.40
35.34
2.70
45.34
32.44
0.27
9.22
77.33
54.11
8.26
111.50
140.50
150.04
194.15
215.67
24.08
150.49
17.44
235.40
47.54
65.27
57.88
291.41
119.86
31.44
119.30
28.18
169.76
76.82
79.61
50.50
99.89
42.80
126.55
42.06
160.67
40.60
7.99
318.28
6.21
93.78
7.07
80.23
107.05
23.39
150.69
143.46
65.15
196.23
41.72
9.97
195.86
171.04
16.10
348.85
54.56
236.55
127.45
71.64
169.65
135.55
277.38
24.25
15.18
119.60
120.20
80.82
221.11
145.58
9.07
32.53
33.30
147.03
133.83
41.15
2.59
79.96
118.48
193.66
1.19
3.87
119.48
30.32
21.15
113.02
15.31
59.21
3.57
22.28
113.00
131.45
104.55
74.11
63.01
62.18
40.96
6.87
259.31
173.62
10.71
84.52
122.27
272.91
167.29
72.15
99.65
96.47
102.55
46.19
142.74
94.21
121.41
84.48
244.24
146.58
166.61
3.17
50.60
223.46
47.68
215.87
33.21
101.44
3.58
66.00
188.44
13.22
142.82
6.05
25.27
62.18
72.12
227.59
6.52
4.43
6.80
63.61
93.26
135.58
213.03
336.61
114.90
1.55
4.67
76.43
121.67
4.00
164.78
20.68
23.14
16.86
59.47
1.97
168.76
67.35
40.21
231.54
16.56
35.25
3.60
139.99
146.33
111.09
106.53
89.58
155.96
249.50
87.66
112.46
105.90
110.23
29.86
19.47
36.44
187.60
37.34
25.76
132.71
36.06
60.17
125.16
4.25
34.81
18.97
177.89
20.32
353.12
6.07
15.11
246.73
13.53
160.06
79.71
85.26
288.02
135.62
16.96
12.22
63.88
169.60
99.48
35.23
120.02
51.26
113.62
135.13
11.63
57.16
13.59
13.74
215.38
21.48
4.50
37.12
23.28
37.95
17.53
153.91
35.60
2.85
37.13
63.49
38.13
74.78
82.73
45.68
9.05
32.57
86.33
85.59
45.13
140.00
68.08
167.53
154.04
88.09
103.37
106.90
107.20
291.21
65.40
29.63
2.83
75.93
162.21
22.49
257.80
33.39
196.84
114.19
94.44
298.66
11.71
54.06
70.17
30.31
92.10
180.79
132.83
111.82
67.64
128.62
35.25
47.74
111.72
26.88
157.23
104.49
162.55
71.50
80.30
43.97
32.02
170.06
149.50
58.09
138.46
47.87
3.10
13.72
75.00
34.90
12.05
240.28
4.23
99.68
38.97
2.85
42.21
51.18
65.11
42.47
44.96
31.74
158.57
132.13
386.74
95.13
63.78
55.65
74.71
44.56
142.50
32.67
58.56
115.01
32.52
517.11
75.81
0.91
39.18
36.36
124.76
74.96
57.82
31.96
102.76
12.48
16.65
100.83
133.47
38.93
33.64
49.90
99.55
69.40
88.30
120.88
18.00
183.35
49.14
49.86
90.29
241.53
97.40
233.96
92.19
20.64
67.38
61.82
45.64
34.05
227.11
13.34
151.10
196.41
59.26
71.03
34.86
1.01
64.70
99.53
1.89
7.41
39.79
171.06
93.18
123.58
47.61
181.15
9.10
121.46
47.28
195.08
103.13
123.50
58.10
26.16
77.96
8.64
79.67
25.80
234.87
25.98
112.19
72.60
43.93
1.18
59.32
200.59
27.17
282.26
19.54
83.38
3.12
115.15
218.12
114.66
211.22
211.00
166.14
84.38
224.83
69.54
17.61
30.14
168.61
89.30
139.03
36.05
19.79
75.87
248.07
3.17
34.02
71.40
201.99
132.30
12.65
79.62
18.83
1.17
205.71
31.79
97.55
84.23
53.54
126.66
135.72
45.14
13.64
44.81
31.58
71.18
107.27
102.88
29.40
92.97
8.10
62.29
197.11
14.21
143.03
24.71
79.71
57.29
356.79
335.24
55.85
17.73
84.48
202.48
204.61
135.51
159.66
142.85
76.46
17.16
16.62
10.93
45.80
62.28
250.86
69.19
7.67
72.92
31.33
7.63
14.81
33.25
25.30
148.54
137.25
26.62
27.89
14.56
153.03
106.25
63.78
117.38
189.27
148.37
170.58
27.44
105.53
428.20
54.98
42.21
23.47
52.10
125.61
77.13
106.04
143.37
49.21
101.95
124.39
0.25
85.13
171.20
20.39
204.93
60.53
38.50
57.43
50.41
218.11
101.30
211.52
80.34
16.27
119.19
17.23
114.39
192.75
73.40
25.03
51.08
71.72
91.37
8.44
185.56
25.71
259.91
457.47
601.63
19.43
85.29
343.80
108.60
194.32
35.12
114.28
74.18
100.66
149.87
222.92
47.88
8.38
89.51
21.63
25.79
269.87
45.95
96.48
142.47
171.38
76.77
156.28
91.48
116.54
336.57
142.20
25.38
175.86
0.85
184.37
120.81
193.70
99.11
130.92
66.27
65.50
121.56
217.41
97.50
156.58
163.53
45.21
117.17
36.07
24.32
94.07
186.32
23.38
35.45
136.98
38.67
208.43
26.55
340.05
20.61
140.69
74.80
20.05
4.57
54.96
191.90
184.26
1.38
17.05
23.22
27.32
17.41
84.07
186.79
50.64
142.44
121.78
27.18
325.82
69.40
76.22
171.36
191.21
48.90
241.71
15.63
199.53
13.12
22.28
49.68
12.70
52.22
107.89
58.01
62.87
29.15
22.52
145.84
188.44
0.98
90.17
64.37
12.99
94.60
106.09
158.57
70.39
103.46
92.40
144.51
1.89
164.94
331.13
49.78
185.93
50.24
57.30
13.63
193.02
88.21
31.44
45.10
234.44
50.70
11.28
92.91
285.54
95.28
53.41
195.26
144.68
39.49
13.19
195.15
107.06
235.50
59.59
60.32
38.44
3.34
34.45
161.95
204.28
374.17
33.93
91.98
96.70
46.65
37.26
196.97
147.88
111.60
33.43
8.86
302.68
30.31
209.59
48.41
48.51
165.61
39.88
33.04
13.29
26.81
93.55
59.96
35.85
4.81
34.06
8.20
208.35
280.55
65.41
16.45
56.65
152.07
23.76
214.55
294.58
120.43
183.70
62.56
104.79
225.09
239.76
264.41
51.71
108.14
88.13
17.04
166.05
157.43
40.00
178.74
176.62
89.96
22.29
213.26
95.98
221.31
110.43
20.46
19.52
121.59
133.76
118.90
49.13
100.74
24.24
180.76
94.31
82.44
189.65
158.04
307.27
99.29
40.49
0.53
16.85
67.54
87.44
89.24
29.16
105.12
77.15
50.32
151.62
20.49
44.06
90.34
23.60
60.63
18.01
130.80
300.16
56.53
80.04
29.57
87.03
21.37
163.24
184.17
45.92
6.61
21.31
32.72
181.65
60.97
44.85
1.17
213.76
146.02
110.70
10.35
3.02
103.76
63.79
42.61
100.02
31.77
3.08
50.33
136.95
128.81
23.55
138.43
109.08
10.93
68.70
82.47
117.79
137.64
158.31
25.54
74.97
136.73
4.04
118.62
116.94
36.42
31.30
94.05
26.32
17.36
42.14
48.27
27.83
47.32
35.51
229.42
5.09
74.40
37.69
178.62
19.47
124.85
64.47
70.22
168.64
51.19
157.07
2.22
80.10
82.03
6.99
66.54
7.45
140.02
40.22
47.64
18.09
33.23
123.58
56.74
76.72
27.30
101.50
11.19
10.81
120.60
138.42
214.22
75.00
66.36
92.62
180.94
36.72
129.59
51.60
53.56
94.32
137.87
29.24
182.91
165.33
146.96
39.05
88.11
177.40
6.88
60.49
109.21
147.66
5.51
149.84
193.94
83.90
39.85
10.78
27.69
196.79
42.94
143.77
19.59
27.98
55.50
111.95
203.34
2.72
61.13
233.99
149.17
41.02
215.20
42.47
87.00
67.24
90.92
80.15
70.75
92.70
13.89
39.17
0.78
94.22
54.04
153.24
234.66
35.06
287.64
38.59
11.13
38.54
150.22
284.42
56.89
84.36
148.92
1.91
95.93
52.49
42.18
158.75
70.23
43.80
88.69
33.14
35.51
38.29
48.10
60.22
75.67
116.15
129.19
179.29
90.80
77.75
51.20
2.43
43.62
36.51
12.03
223.75
154.52
51.37
112.04
35.10
176.12
2.96
118.20
147.01
91.18
121.24
122.46
135.84
19.77
69.60
93.59
93.75
174.28
78.64
320.52
44.50
82.55
9.07
58.16
119.25
147.88
29.04
38.80
77.44
106.71
25.97
306.14
130.17
22.36
87.97
118.93
108.80
140.89
200.97
74.16
239.05
10.05
184.66
115.16
72.94
113.35
39.95
120.74
62.24
2.31
197.69
105.09
222.49
453.89
364.09
59.43
214.86
41.35
192.12
89.82
240.99
70.26
128.49
213.61
59.45
4.16
7.27
1.24
56.70
24.32
175.39
88.22
115.76
195.25
84.02
176.39
248.67
154.03
178.86
39.27
136.13
50.58
115.02
307.27
63.59
64.27
183.37
139.08
46.93
123.35
102.82
118.48
75.26
169.03
20.44
91.92
35.54
82.58
196.04
216.93
239.07
148.98
30.30
3.35
21.92
19.73
49.22
95.18
17.64
24.04
92.30
19.20
12.97
81.91
61.44
70.60
214.50
52.54
7.43
108.69
33.15
153.45
69.80
14.44
44.80
23.13
89.83
27.90
341.68
60.21
25.60
23.96
229.08
50.08
31.13
48.54
117.89
62.18
120.49
128.80
110.86
382.03
189.17
15.08
46.08
2.79
283.78
147.31
11.95
182.49
19.64
84.44
90.59
35.09
132.07
38.85
70.97
12.94
3.56
174.81
72.58
47.51
198.74
181.70
103.38
17.90
244.24
280.18
229.29
102.68
182.17
219.33
240.26
54.07
147.50
102.76
121.64
81.10
17.06
315.91
8.70
6.75
52.21
119.86
48.20
46.50
119.25
151.17
85.70
124.13
65.09
91.58
76.38
24.31
136.69
23.35
131.14
26.50
102.00
22.22
184.99
147.19
110.29
16.50
17.66
79.28
145.85
82.11
286.23
97.75
215.67
91.16
145.02
46.21
110.16
132.65
40.27
52.09
66.49
35.20
19.24
188.67
34.81
69.95
257.72
125.62
118.35
196.84
57.09
199.06
51.98
28.85
83.56
80.55
111.63
56.51
39.93
148.62
187.32
98.69
177.41
111.69
230.32
21.40
3.82
121.54
60.01
150.51
317.14
74.37
39.53
209.32
143.81
5.13
48.01
44.25
46.22
16.91
76.95
128.20
164.32
24.98
198.22
157.88
184.80
35.08
15.61
118.17
172.54
40.75
141.73
174.31
32.87
26.11
112.98
24.54
132.37
117.36
52.49
128.63
119.31
86.25
185.17
