65761.93 8452
8554.25
17870.15
20995.55
18643.45
261.61
11024.53
10084.21
9464.65
10554.06
19632.65
4964.21
7293.92
6533.83
6204.75
2262.05
6485.02
6493.24
2672.82
7100.71
9999.72
1453.17
252.62
5363.81
801.84
4975.02
4241.38
2991.13
2578.41
6438.56
3919.41
5779.17
1730.06
1164.54
4145.77
7957.68
3442.05
5975.21
1634.58
4351.57
490.97
4518.51
5175.95
3433.87
1863.95
2304.15
2197.90
373.63
3169.13
1215.97
445.93
895.49
582.19
2345.94
1058.42
2024.93
1925.60
4588.38
237.97
281.62
1008.95
3672.17
4108.62
3071.28
199.74
1881.45
1817.54
4841.80
1937.84
1564.80
848.17
1018.18
556.63
3869.06
261.09
2700.09
1058.82
2433.64
132.94
395.70
1593.36
1749.74
416.09
2302.60
560.91
45.16
3241.96
1455.84
474.72
195.50
41.37
589.53
3440.93
23.21
108.77
847.05
4052.38
463.90
1947.10
312.87
2128.09
1002.51
203.48
438.30
979.44
1123.75
610.23
2941.55
526.12
248.59
1292.70
298.82
493.45
709.94
151.01
1332.59
436.79
342.94
1938.63
542.77
670.69
3408.10
1958.23
3103.49
2175.47
2216.80
1722.60
93.60
817.83
1667.91
523.49
3188.75
544.43
1324.16
176.45
591.74
4426.13
522.44
109.25
704.24
712.76
1239.12
1211.15
1503.49
1473.63
127.56
4661.69
1225.81
334.00
744.30
12.29
1208.06
1635.44
1824.52
1216.34
78.20
47.74
1938.71
116.93
264.18
400.89
78.46
347.99
1615.15
2449.56
169.42
1315.13
730.92
1759.05
200.39
347.96
2404.27
935.17
2737.54
300.84
805.17
17.27
528.78
1829.27
1667.79
237.18
357.88
1639.85
297.63
963.28
418.48
1376.67
1103.49
192.54
2264.08
472.57
928.26
816.80
320.91
1873.92
350.83
142.10
3948.47
1655.27
1723.17
1133.19
1516.00
627.38
269.17
806.92
2281.47
1634.86
72.16
1061.02
277.38
1308.14
1236.04
1846.01
575.81
1006.48
644.68
335.57
475.42
1139.41
552.49
1921.92
380.24
340.04
769.13
773.07
202.95
2424.54
269.19
528.20
1113.97
326.20
58.59
59.19
801.99
614.13
1039.64
97.30
3128.35
511.61
1901.04
327.83
1839.84
898.39
6.87
3126.27
807.42
196.22
403.02
374.79
555.99
513.56
155.06
511.07
687.13
455.28
739.77
886.94
756.46
713.28
572.71
1280.55
708.41
803.57
2647.42
131.04
1355.85
483.75
1900.67
829.39
259.87
850.72
261.94
392.79
514.91
512.68
310.71
1603.81
60.82
192.79
764.07
733.17
1581.42
0.45
1017.97
1489.58
1.16
1069.02
748.76
675.18
2358.60
1057.01
432.14
1177.84
455.83
1076.40
109.20
1103.29
339.77
212.85
770.67
710.35
152.99
1039.67
77.70
713.52
184.95
1420.94
71.44
107.08
912.82
3237.29
315.97
557.42
1035.26
991.71
824.97
452.11
1212.39
450.55
344.44
646.58
48.66
816.48
21.41
842.43
206.33
1323.20
12.92
389.91
475.59
256.50
474.95
190.50
155.38
561.79
225.60
225.88
49.55
378.73
399.32
1226.90
422.57
527.25
1185.91
362.24
1616.69
73.72
287.66
1940.94
1442.73
1550.69
1699.22
2452.85
386.62
24.56
784.17
1165.36
197.35
962.38
262.48
1079.33
1587.69
748.02
566.89
1230.32
951.56
758.24
531.20
213.47
834.14
725.81
247.30
133.05
1072.77
174.01
580.50
751.01
327.14
762.18
398.79
56.11
905.11
400.75
480.47
60.86
665.97
28.74
747.04
273.33
1090.92
531.72
84.82
1421.85
282.84
1003.70
527.86
208.39
954.86
1641.16
1115.70
1419.45
541.30
689.13
1150.25
899.75
869.84
119.34
480.35
1438.05
714.51
150.89
423.26
1576.90
531.98
154.69
964.16
2324.43
29.67
618.75
503.43
266.32
411.89
1060.75
586.52
499.53
438.43
842.92
751.44
1173.05
341.45
411.78
867.39
443.04
178.32
1238.88
2115.12
324.75
1268.62
744.48
179.24
1890.85
13.79
1.16
1030.59
4.56
2.66
123.30
429.35
1132.13
13.82
171.93
765.20
1155.82
721.52
411.87
1018.37
18.28
1718.59
407.64
320.49
37.97
86.29
1034.99
634.51
522.23
86.48
123.52
948.49
389.19
468.01
519.58
239.42
1034.81
67.31
583.09
208.49
421.27
535.09
702.60
733.58
422.53
3.99
468.53
98.40
562.98
805.91
635.76
1021.50
584.99
874.52
336.58
1080.82
0.12
391.44
102.93
49.82
1241.22
741.48
1078.23
1758.19
312.46
358.61
438.09
342.30
733.15
608.20
32.45
18.90
147.32
1143.19
24.45
206.48
677.31
257.48
233.45
1.43
558.65
213.81
530.98
628.64
445.49
547.43
662.30
198.14
89.22
200.97
835.70
32.57
217.32
216.29
479.52
48.01
627.75
1045.54
945.26
456.26
217.49
73.22
564.96
296.27
368.23
966.18
33.06
796.11
675.70
320.16
570.62
991.06
59.34
336.35
570.18
78.66
13.85
205.23
6.09
122.73
395.73
637.83
140.59
369.18
24.78
24.59
397.26
836.28
117.79
573.64
202.01
417.13
352.40
722.25
190.22
64.84
1488.09
470.46
250.33
616.39
850.52
188.13
61.30
189.10
1866.75
554.00
475.88
272.36
45.51
370.68
65.19
238.87
627.22
1161.98
354.16
645.73
672.41
866.29
185.95
828.61
860.62
270.69
742.34
214.11
248.22
409.08
50.84
736.29
135.95
180.67
56.03
490.84
227.59
92.96
272.99
773.40
939.41
771.77
587.83
1329.52
280.83
18.72
232.26
376.33
17.99
210.43
338.40
1005.93
815.96
115.05
621.93
367.44
634.29
784.05
476.61
2.16
41.84
555.86
400.77
804.13
2.34
540.78
446.20
439.69
221.27
769.68
222.46
613.46
1683.82
298.48
1154.93
180.90
402.61
182.29
134.42
505.93
147.98
683.29
381.50
904.67
1119.89
454.83
1068.68
945.47
194.05
1217.49
527.92
183.72
54.41
760.00
311.60
206.29
116.96
427.28
701.15
187.56
106.54
277.85
553.94
289.54
665.47
510.50
194.17
514.73
32.14
491.00
323.53
917.55
169.59
475.63
922.32
368.75
539.06
414.58
302.71
492.09
381.80
596.94
641.75
42.89
235.28
1700.85
432.46
233.79
634.55
491.22
939.96
492.50
528.01
392.25
77.76
135.55
248.35
199.71
951.04
70.80
372.79
283.32
238.67
460.27
2.16
353.23
568.63
299.48
362.70
465.90
419.59
459.48
990.33
606.00
53.55
344.75
226.95
155.02
565.17
236.34
750.11
409.22
884.23
122.63
489.91
858.23
557.74
201.64
321.55
615.57
787.50
755.83
94.87
20.00
290.72
69.11
518.55
874.42
67.10
647.84
802.81
1073.85
164.68
35.75
311.79
950.87
681.20
902.37
287.09
385.83
362.91
332.77
253.87
589.03
699.76
225.60
617.16
319.89
308.71
125.31
1408.84
87.91
650.22
429.89
111.68
433.76
124.78
207.46
409.05
56.65
1167.19
264.68
198.08
387.91
51.53
163.20
520.98
553.26
327.14
697.80
374.77
1582.60
181.74
339.85
620.63
1124.55
799.15
100.69
219.01
475.64
366.13
296.92
17.68
380.92
448.03
531.12
749.74
350.42
421.44
589.70
480.03
33.76
243.67
368.09
21.30
683.73
353.80
350.40
924.45
570.87
497.53
2063.02
538.74
423.54
549.15
953.77
471.84
562.90
514.28
166.68
106.56
50.95
77.92
76.97
550.72
327.11
493.84
13.46
384.95
33.33
87.76
490.18
306.79
228.47
645.51
175.48
9.17
849.19
447.66
132.36
173.21
219.03
205.02
302.59
1010.42
554.23
81.46
324.95
208.09
245.82
780.71
398.12
137.26
183.57
207.10
873.25
217.97
107.49
114.19
34.19
202.70
112.06
518.03
320.07
405.00
796.16
5.99
557.19
132.69
361.61
289.27
324.25
61.66
764.28
93.01
220.46
668.29
726.05
1423.33
236.26
374.97
140.42
509.84
56.91
21.32
96.00
199.57
84.90
450.12
584.14
184.13
603.60
865.00
167.63
187.47
202.15
46.58
1426.22
274.18
149.18
875.59
647.16
148.74
38.56
198.41
31.35
359.08
387.67
152.86
584.06
195.26
266.97
168.82
417.42
247.56
168.91
10.09
408.53
432.66
206.55
329.53
1526.59
568.80
862.65
212.15
81.64
497.69
71.14
1171.96
85.29
222.83
835.34
465.06
263.78
125.53
286.72
163.87
394.06
158.32
136.32
301.84
197.31
49.70
83.59
285.59
34.53
716.44
230.65
45.13
190.97
1050.96
164.11
202.77
49.03
203.27
486.12
10.02
61.09
148.47
8.85
293.31
14.42
99.85
1132.05
328.40
141.68
626.66
486.93
359.23
39.81
241.21
163.64
118.74
451.80
478.05
585.00
152.36
227.00
16.89
360.34
54.96
484.74
451.61
597.43
187.51
124.77
93.49
88.18
577.26
607.17
347.42
257.33
1228.42
145.95
562.83
60.58
424.65
700.19
131.58
120.77
608.70
167.66
475.45
192.36
256.46
226.33
319.58
1011.79
40.06
43.11
143.91
639.44
83.11
573.05
209.98
211.39
72.75
179.11
319.91
4.12
301.57
342.16
193.54
630.86
534.76
1207.98
345.86
380.09
0.96
265.49
721.56
455.28
171.30
302.30
357.78
69.22
616.09
227.87
474.99
83.50
11.81
136.01
1159.48
217.90
124.05
103.02
569.77
69.67
270.64
425.64
308.73
628.14
321.83
131.66
493.69
28.56
4.86
320.37
1278.62
479.68
343.18
210.47
428.52
395.73
518.58
65.71
224.52
585.53
593.40
296.38
1202.16
298.30
234.35
503.48
122.34
418.44
605.57
105.93
1305.30
795.66
74.09
1.92
235.03
318.26
174.30
366.82
457.26
706.28
46.47
345.58
244.08
301.47
455.59
307.03
1040.89
508.21
224.70
110.11
453.43
410.74
365.52
10.72
82.66
194.79
393.10
172.91
495.09
598.31
138.59
294.24
120.07
140.67
177.40
742.60
81.35
300.62
236.69
656.13
223.22
84.61
204.61
554.83
639.94
17.95
116.46
356.81
115.32
498.18
32.23
77.84
184.54
228.14
259.78
103.39
82.56
676.33
509.47
14.56
1098.39
40.23
295.35
86.74
200.64
200.57
280.25
878.98
216.97
206.94
197.14
211.46
435.13
473.84
129.71
81.39
442.37
151.06
105.79
841.20
47.14
361.86
179.40
369.66
133.31
234.06
468.68
601.24
325.63
316.61
206.48
586.82
343.46
429.49
132.56
763.95
29.09
6.79
296.36
257.80
474.13
15.29
168.07
128.70
219.42
73.57
35.91
857.35
555.12
265.08
267.22
585.21
290.94
995.97
288.33
301.46
511.25
684.26
217.69
78.92
192.52
338.96
30.10
687.97
112.59
141.27
476.89
1027.42
128.89
191.84
527.80
134.74
947.38
10.70
254.47
311.38
252.35
268.04
795.21
260.31
172.92
60.20
56.11
146.95
751.37
153.91
54.56
653.84
106.73
21.86
16.74
317.25
86.39
556.24
23.05
242.42
35.43
17.81
575.02
34.70
815.23
387.72
108.08
522.13
348.16
881.67
299.02
111.45
130.89
78.84
192.22
210.35
476.52
295.97
187.67
401.77
278.95
259.43
443.55
342.40
89.45
147.22
198.64
519.95
295.10
323.25
241.99
386.84
19.61
204.86
89.77
340.05
628.65
84.99
215.95
49.08
28.03
9.46
438.93
116.33
574.77
546.11
58.05
215.56
224.31
280.56
219.28
435.34
722.84
11.59
42.60
1.99
840.79
97.44
661.68
65.04
925.39
464.08
207.93
128.64
159.49
715.21
596.92
554.09
239.93
134.07
277.53
100.04
386.78
602.91
264.74
17.51
931.33
290.15
586.39
512.46
345.96
232.09
166.21
209.30
344.59
255.10
338.19
27.42
260.54
74.90
179.16
197.18
404.03
379.93
8.90
51.10
427.13
33.30
407.17
134.89
305.40
118.98
117.86
336.96
269.55
143.08
906.75
432.25
26.92
303.30
204.51
87.71
26.27
92.38
14.93
207.06
11.50
1.18
1.15
280.30
405.44
45.62
351.34
430.72
23.85
1.68
75.11
252.57
721.31
54.76
314.10
94.17
578.29
68.99
780.60
119.12
60.94
456.49
657.20
226.82
387.01
242.02
828.61
496.19
1103.37
26.63
152.43
22.88
204.28
560.82
208.79
618.53
42.43
231.09
275.75
386.10
307.57
696.65
63.78
179.56
133.06
97.40
249.28
87.02
598.98
232.39
6.31
404.28
14.16
402.53
230.76
185.87
289.84
106.05
11.68
81.65
393.98
352.43
62.65
212.51
316.41
69.46
27.39
36.43
57.14
123.68
133.87
16.25
96.68
57.75
630.36
170.85
3.44
379.10
19.34
427.61
213.26
171.17
54.28
286.85
429.30
519.72
309.30
239.27
184.38
65.34
86.38
567.99
244.13
536.55
186.52
261.95
577.72
361.27
208.49
403.08
14.06
591.68
822.12
32.01
324.44
373.39
50.99
18.40
150.99
133.37
608.45
511.07
797.13
834.78
155.07
265.05
20.62
103.18
162.04
891.06
15.27
124.07
66.16
103.46
3.80
529.16
567.03
420.83
466.59
259.44
186.94
11.09
125.76
3.77
364.54
52.18
763.73
798.21
112.98
423.74
102.71
1.43
299.67
24.99
250.42
177.02
327.98
591.39
118.03
35.80
145.06
135.19
43.18
89.17
510.89
943.06
135.93
266.86
196.99
267.42
55.72
364.98
238.88
529.13
586.72
2.82
830.30
272.12
115.40
219.57
210.02
6.51
16.66
1050.34
338.74
420.61
56.41
295.29
548.71
22.12
284.78
361.40
348.01
181.02
143.08
366.10
46.26
95.55
4.35
80.30
7.82
0.26
368.02
101.09
2.01
484.33
215.14
90.03
134.78
180.96
307.11
265.78
223.87
306.38
77.00
18.47
616.86
354.15
135.24
105.37
575.23
321.02
540.39
19.65
279.76
42.66
123.27
145.70
289.14
96.96
43.96
95.31
312.78
88.17
606.27
341.08
157.93
368.93
147.35
377.83
252.90
104.22
64.07
791.50
296.09
183.66
599.56
361.18
107.44
266.91
294.94
282.81
302.03
84.56
200.85
86.12
569.13
370.98
263.12
17.53
144.60
40.31
444.24
332.97
783.81
316.93
48.25
247.40
167.75
191.05
414.19
105.41
367.21
29.26
106.50
148.98
25.53
237.27
40.04
82.41
252.58
136.06
190.32
62.11
98.23
188.17
28.39
139.79
300.58
66.03
170.76
231.02
638.55
26.94
241.94
20.00
348.19
57.15
54.47
378.63
205.08
236.54
173.70
305.19
144.55
127.23
188.46
124.52
796.73
67.63
370.52
265.14
60.93
201.41
104.58
285.61
131.64
708.84
509.08
53.62
99.77
73.53
50.27
78.32
239.93
1.95
238.66
78.72
69.39
281.96
42.86
321.65
377.23
11.72
209.15
29.34
168.08
173.13
878.27
89.11
63.69
2.31
103.26
48.28
33.72
735.38
636.98
152.21
87.58
79.91
162.45
316.58
3.41
317.34
26.58
76.57
244.19
261.52
905.29
459.32
176.74
382.08
150.03
698.75
299.15
238.60
263.38
0.81
161.85
17.02
421.98
56.44
206.91
251.68
200.27
96.85
244.00
491.69
355.71
95.63
348.98
15.82
370.66
519.21
254.98
145.51
192.56
121.50
267.59
160.77
262.49
286.27
184.98
63.11
200.35
408.87
221.07
131.27
19.82
261.30
40.23
293.20
117.67
138.15
405.73
552.51
15.67
139.21
19.24
178.75
0.20
104.29
94.71
393.84
584.40
325.37
200.55
185.56
190.16
351.80
111.83
57.71
660.60
309.61
3.40
85.39
70.17
618.08
52.71
147.89
249.69
103.14
325.39
69.71
325.56
527.63
37.34
232.27
361.80
288.87
9.17
64.38
742.34
533.33
693.00
162.92
98.01
132.81
66.24
287.41
130.80
95.13
169.09
399.91
208.68
334.86
361.57
157.91
16.79
75.28
189.18
94.58
469.14
430.88
502.56
93.38
73.15
356.96
167.67
0.82
63.63
55.00
28.92
161.96
267.08
142.69
310.08
457.76
310.63
55.38
76.65
235.49
473.66
138.02
143.46
177.06
480.43
173.18
81.17
459.31
114.54
314.77
309.18
332.38
131.12
156.94
118.01
103.06
61.39
259.13
12.33
659.39
171.50
250.48
291.24
195.10
187.40
579.17
297.81
66.95
482.91
398.52
132.98
242.65
518.00
45.38
359.88
6.15
343.54
268.31
369.16
167.59
312.87
131.98
117.75
137.64
90.86
458.02
638.23
258.52
134.56
215.28
123.30
222.34
85.85
151.28
31.70
64.64
734.27
77.67
133.71
110.04
39.41
309.34
19.66
386.49
95.26
23.77
4.60
668.85
514.19
663.39
218.18
77.70
241.32
35.11
73.33
445.93
156.74
371.66
92.51
432.98
33.37
514.87
143.49
112.56
400.30
322.16
90.72
401.81
115.85
62.09
15.45
343.25
34.02
309.26
262.85
31.40
32.16
281.43
207.14
245.98
337.28
79.13
81.89
220.75
198.82
66.23
33.26
115.24
406.99
127.93
24.60
157.31
160.02
221.87
463.31
5.35
427.98
246.23
200.02
49.35
482.92
87.14
89.34
251.00
231.67
123.21
86.42
464.63
685.68
280.48
178.06
447.28
172.62
209.25
46.82
152.53
364.65
48.31
85.24
646.41
512.64
82.94
67.68
821.23
223.54
166.21
142.13
31.68
2.54
632.93
269.08
17.44
419.20
248.62
76.22
5.25
409.05
675.95
326.23
569.87
92.88
156.12
308.64
436.01
451.26
283.49
334.13
326.01
127.17
156.78
22.46
7.76
335.77
42.67
15.10
344.37
431.07
2.80
205.60
677.03
92.63
39.12
156.46
96.93
25.16
252.70
26.21
123.95
305.25
324.96
88.00
71.48
102.07
387.55
244.80
104.65
97.02
15.82
37.76
49.30
33.08
36.11
311.58
117.98
204.17
273.51
255.26
34.21
61.68
342.14
234.72
43.53
53.31
106.94
19.53
251.77
62.75
33.51
297.37
24.59
533.66
405.51
28.24
22.83
101.72
422.56
119.72
41.87
235.27
158.57
526.94
124.17
77.17
36.53
111.89
101.74
346.84
623.18
483.06
468.89
134.50
300.35
147.33
448.48
278.28
476.50
122.33
99.14
23.94
120.86
323.10
95.76
237.21
201.38
310.42
89.50
135.33
104.87
354.35
37.36
19.84
128.00
352.42
199.77
30.72
72.45
198.24
114.93
51.71
297.45
121.63
86.99
21.59
217.67
13.62
25.88
69.37
44.59
373.33
135.86
177.48
278.34
28.15
209.63
92.21
140.71
191.50
72.54
244.14
242.86
133.62
13.73
143.90
140.22
89.68
97.18
68.86
227.76
170.67
450.81
133.33
36.22
278.98
15.61
119.49
207.71
24.78
128.39
23.39
24.77
3.64
131.10
95.71
280.84
101.01
313.09
282.05
101.89
247.79
151.54
302.53
121.02
267.96
532.05
592.14
149.40
328.56
480.81
18.62
380.04
331.31
495.62
172.74
219.77
649.48
632.01
237.20
5.50
10.10
52.66
339.11
253.49
145.25
250.78
314.23
114.07
121.99
75.63
109.97
6.90
531.04
188.07
119.14
47.01
467.53
80.94
99.74
89.61
108.01
71.15
336.94
30.23
355.89
154.26
29.04
90.59
132.37
375.94
332.67
347.54
148.40
16.46
28.96
186.89
93.95
183.64
622.05
48.91
299.31
348.96
172.01
379.88
17.49
84.89
88.05
78.03
133.11
53.75
138.84
112.14
483.69
59.18
193.58
107.57
126.54
43.94
442.92
739.31
104.00
501.98
0.18
150.48
241.20
79.05
7.64
296.12
0.72
319.50
223.02
22.13
132.27
14.65
71.24
67.68
20.94
95.05
292.13
61.90
92.40
19.53
69.24
291.17
634.23
50.57
44.39
37.56
52.88
538.46
63.28
242.55
45.23
22.92
100.57
4.07
18.94
97.71
163.16
529.01
199.52
238.55
25.47
122.32
283.70
94.69
388.16
197.61
40.01
110.21
459.32
252.50
278.82
412.37
263.64
438.91
367.53
221.04
499.80
11.38
383.20
211.05
446.37
180.33
193.13
55.53
225.99
283.02
130.19
354.67
143.05
113.71
26.54
165.49
24.74
7.39
150.50
131.40
100.67
136.83
92.48
172.37
62.92
112.19
102.07
11.62
114.42
90.54
401.67
208.82
17.79
136.10
254.94
178.38
299.06
162.21
92.00
0.80
37.46
353.60
746.07
215.05
22.41
168.45
47.77
91.95
149.95
267.57
23.71
104.94
291.22
677.64
490.52
408.41
41.66
226.59
14.33
587.73
295.50
90.12
341.62
20.14
310.20
173.12
174.62
293.19
410.70
397.30
26.92
70.39
160.18
96.81
217.99
239.97
162.51
46.09
340.71
60.67
112.51
255.60
7.49
436.44
20.48
60.32
54.42
231.56
22.00
399.64
676.13
321.30
213.33
79.59
450.55
382.91
201.53
144.56
206.67
22.77
30.48
220.73
6.04
67.06
157.50
736.96
368.97
64.36
95.10
269.74
510.10
138.38
54.54
59.42
88.49
79.10
402.55
171.27
16.43
126.89
93.02
317.40
51.78
104.46
386.51
38.20
57.67
35.57
182.92
215.90
135.43
379.47
445.38
108.75
40.24
60.15
364.68
134.15
57.18
482.77
152.06
110.07
189.70
88.14
192.51
156.48
22.03
31.22
56.29
32.49
350.10
319.47
10.00
418.31
82.57
48.61
27.72
236.59
138.16
124.32
63.49
69.24
59.15
177.39
305.78
54.47
220.05
298.70
7.71
112.74
182.70
188.51
53.98
52.16
13.51
63.39
50.80
86.57
487.78
504.95
84.61
89.52
262.63
167.65
10.29
91.30
102.07
309.45
51.91
96.55
160.57
157.69
133.88
563.88
200.66
133.96
398.11
6.37
85.24
268.04
156.17
5.45
323.42
160.00
43.62
136.48
290.87
274.90
39.68
161.18
200.73
192.75
77.46
462.67
5.90
163.37
226.10
233.32
107.00
257.00
389.48
343.90
300.86
37.03
202.25
246.03
386.45
76.51
322.94
4.93
81.09
19.84
72.45
165.70
73.11
31.31
140.07
170.44
257.27
47.94
18.63
440.21
92.20
202.21
60.92
224.03
672.64
100.13
122.24
439.69
451.99
95.79
1.04
136.59
102.05
70.50
111.78
38.42
0.58
44.45
372.35
391.61
47.72
424.27
50.03
268.27
154.11
8.78
36.17
230.99
96.52
214.20
231.26
270.86
275.40
93.70
239.08
112.18
107.14
167.40
157.00
97.97
304.41
15.24
159.38
142.19
446.61
291.22
337.50
335.14
728.00
59.88
321.82
479.16
58.16
38.95
263.10
330.35
85.13
294.53
264.95
2.02
68.27
360.20
14.52
69.08
657.54
50.09
186.19
88.83
76.90
159.43
774.76
114.69
5.51
276.80
239.19
113.92
1.03
46.50
310.09
82.94
169.66
45.55
166.82
707.50
31.59
151.39
15.25
122.47
188.31
251.99
152.71
44.24
164.50
32.46
31.62
39.10
57.38
363.60
198.08
54.12
3.41
369.15
268.65
617.05
426.77
198.77
202.74
8.32
33.66
345.49
0.87
15.99
269.11
256.31
177.88
26.89
552.22
78.18
464.30
6.92
153.35
0.52
159.92
260.84
201.71
0.46
134.64
558.28
407.95
482.47
78.83
101.77
47.40
201.39
191.82
14.60
183.31
144.73
319.69
81.20
148.97
203.07
64.67
306.70
45.34
23.09
216.87
25.20
165.05
370.49
89.48
442.99
117.97
3.57
159.11
124.42
153.30
181.10
34.48
573.25
38.36
183.83
919.12
3.69
79.42
298.26
159.29
227.02
112.96
174.85
114.75
242.28
175.48
8.08
163.32
77.10
17.32
567.83
248.30
12.79
70.22
183.85
144.64
108.14
113.05
207.26
72.21
279.03
46.84
288.42
161.27
28.98
39.99
9.08
91.69
46.14
84.99
198.97
160.01
313.94
5.57
68.82
62.29
269.01
18.00
132.94
69.69
116.14
215.93
125.81
97.88
71.77
7.11
363.77
15.67
486.74
26.60
161.59
129.81
187.05
42.79
18.94
53.43
4.19
110.30
186.34
377.64
148.60
47.52
69.64
392.87
759.94
60.45
116.08
255.68
196.48
91.09
341.42
254.14
59.75
53.71
28.63
174.23
39.06
86.70
295.02
192.00
167.52
81.07
108.23
178.42
66.93
112.84
169.05
552.45
175.45
153.61
131.69
133.94
147.99
144.32
208.56
126.45
2.74
87.40
289.94
2.06
9.85
374.05
25.47
26.29
202.01
99.67
18.56
148.99
352.30
121.73
49.10
141.94
548.40
709.11
66.94
14.94
36.48
211.30
137.07
165.43
65.03
101.89
72.00
328.66
112.90
139.12
22.09
49.52
39.37
198.12
52.58
12.26
245.05
458.30
120.73
256.27
4.35
315.05
425.48
198.63
7.11
81.21
362.58
125.36
187.85
184.79
37.60
53.96
331.58
25.63
29.12
173.07
185.76
359.70
33.90
135.54
246.42
12.15
423.88
233.28
55.81
356.77
76.58
344.47
421.62
238.52
111.40
172.45
11.34
82.69
19.81
47.87
229.12
56.14
79.88
73.76
244.82
83.46
78.56
393.78
104.24
291.29
93.66
31.00
181.95
537.91
137.92
146.40
186.41
12.95
96.40
467.10
287.74
73.47
38.34
28.24
2.70
239.23
11.95
184.91
139.74
30.37
60.17
61.89
515.91
35.54
210.17
384.50
120.70
17.97
81.81
111.09
222.41
26.65
155.94
235.34
232.60
106.55
47.16
301.56
2.09
670.48
65.40
158.16
82.73
37.25
84.88
356.48
357.91
342.97
333.83
9.11
127.26
335.49
403.40
245.31
255.86
100.65
137.94
269.86
31.59
223.86
238.94
52.97
33.33
192.77
257.45
193.72
311.21
628.32
281.89
179.60
39.28
28.94
173.59
228.91
271.56
57.08
72.07
77.10
167.77
94.42
288.39
474.34
378.14
1.96
281.62
30.45
131.33
55.52
54.57
400.84
348.08
120.85
152.69
61.69
101.49
438.86
267.98
162.89
112.80
81.10
88.52
324.13
246.67
190.91
350.26
449.40
27.74
98.53
36.56
19.77
353.25
188.85
107.72
63.68
238.43
91.08
1.98
398.77
118.31
89.31
510.67
3.15
129.25
356.22
11.48
178.76
239.15
231.18
59.64
167.75
78.61
509.23
35.32
8.88
198.51
70.05
55.24
46.19
360.44
118.33
251.79
69.77
14.66
73.68
20.17
301.38
422.37
39.24
125.75
192.21
57.03
253.98
8.12
407.45
45.31
175.36
112.11
39.00
282.41
177.56
20.27
166.56
87.69
38.04
244.24
150.53
26.44
213.11
14.87
425.95
646.30
170.09
327.00
134.06
242.06
123.60
339.73
541.69
696.38
204.72
337.06
194.57
1.34
40.44
68.00
217.13
134.99
66.13
325.75
202.42
122.04
157.04
237.78
11.10
75.37
269.42
36.77
178.77
53.74
190.75
78.34
93.37
41.72
65.20
109.70
113.94
174.11
4.23
77.22
29.98
58.66
73.28
9.85
40.62
0.43
18.36
362.10
111.85
21.02
269.96
123.32
69.04
22.00
19.07
465.09
163.12
37.21
42.91
139.28
114.57
41.57
16.01
71.52
166.21
197.41
116.14
98.65
309.68
383.34
33.96
144.94
530.41
243.98
224.35
359.06
301.00
1.28
409.65
9.26
28.99
193.34
291.85
47.06
280.84
63.91
108.22
162.94
92.11
514.34
100.65
132.77
419.78
6.32
148.69
298.78
49.91
271.85
150.11
1.99
582.03
39.04
31.03
248.29
239.69
243.59
58.09
14.10
0.28
372.78
269.70
16.29
177.54
780.78
61.60
247.20
277.23
131.60
102.85
32.18
118.45
76.03
58.65
84.39
142.40
27.67
85.82
138.39
331.10
259.52
106.12
155.34
78.57
150.44
1.03
182.27
116.32
34.23
136.78
392.60
209.53
15.87
119.07
1.94
73.17
356.73
132.75
48.84
291.09
5.99
12.37
61.11
46.71
207.18
43.92
300.29
382.00
237.26
85.40
25.36
240.57
4.28
429.82
53.02
73.47
381.34
38.64
26.06
122.60
167.58
40.53
353.68
91.33
302.44
38.21
102.02
103.49
77.72
69.51
129.78
28.71
200.63
32.68
37.91
224.90
94.58
21.28
121.12
55.55
300.77
407.77
13.43
180.36
90.12
52.93
333.09
61.44
80.85
332.02
209.30
5.35
124.53
123.02
12.87
14.25
64.88
140.16
167.22
261.47
195.67
3.80
628.16
194.48
16.44
156.19
137.21
9.77
23.75
61.93
131.06
69.84
256.10
165.96
39.75
162.39
310.46
108.51
0.25
80.82
58.08
253.05
112.23
43.47
142.50
279.00
3.99
412.19
134.15
165.20
143.91
24.39
7.47
86.78
221.08
138.55
179.65
276.24
134.63
87.92
80.33
123.31
95.86
319.93
130.54
210.67
57.31
119.29
37.09
302.17
290.45
60.60
31.11
637.77
340.09
54.05
166.78
202.84
177.03
60.34
12.77
216.25
94.37
552.04
7.18
24.35
53.90
87.50
121.38
64.16
291.81
37.58
430.56
163.16
345.98
65.15
77.78
311.57
328.93
50.30
136.92
229.51
116.10
94.93
47.96
77.07
129.72
109.66
89.35
71.65
126.31
146.65
92.83
16.82
131.96
145.56
183.80
338.44
155.77
353.50
205.69
104.07
186.02
128.05
0.24
265.35
125.06
62.53
91.76
194.18
100.00
4.45
14.68
18.74
209.34
8.34
76.75
52.03
121.39
63.48
89.34
143.26
10.64
64.42
322.73
50.28
112.96
40.03
438.45
378.72
290.72
46.44
218.15
34.76
326.40
158.59
180.28
266.64
65.97
117.73
70.62
166.32
6.08
37.34
45.95
49.07
119.18
329.28
134.47
2.38
260.22
192.42
34.57
338.13
487.36
68.17
162.07
45.24
330.18
37.54
182.24
13.76
229.59
849.61
32.02
232.28
359.64
104.94
69.38
31.82
36.27
172.65
95.95
79.66
139.02
344.72
222.40
137.35
19.99
63.49
31.59
159.87
15.71
467.31
325.88
10.47
40.85
90.59
230.61
77.37
36.25
38.74
237.67
142.99
227.44
156.15
50.00
28.26
31.51
109.44
96.00
60.73
133.66
252.49
324.83
35.92
74.59
251.89
195.51
85.24
40.30
187.89
120.77
27.03
8.32
226.67
200.52
179.25
22.41
237.45
48.78
296.29
120.77
158.78
9.52
277.03
145.71
72.05
61.69
36.36
47.32
3.37
215.73
41.57
490.90
5.41
81.81
389.12
86.09
8.56
99.56
33.27
143.89
98.56
304.44
351.36
13.36
98.17
1.04
347.49
23.67
85.60
69.37
192.85
6.79
91.15
145.59
141.23
213.56
18.17
150.60
81.22
198.81
353.51
85.35
20.20
21.84
174.42
59.69
126.05
355.65
76.47
220.60
40.09
230.51
49.97
136.61
165.09
29.55
206.42
16.17
244.62
351.96
134.15
120.18
257.82
162.43
85.32
86.70
102.56
73.39
315.74
31.97
56.63
248.65
47.14
433.82
281.08
4.01
45.21
163.07
185.18
170.39
55.12
128.78
82.39
10.85
307.50
180.41
176.60
103.02
62.86
550.40
152.44
76.33
196.97
76.71
176.01
7.52
23.10
256.68
79.05
133.70
436.16
236.37
39.64
50.86
220.87
95.41
257.82
127.38
137.97
353.75
172.69
54.31
114.09
255.21
197.02
282.72
75.43
7.27
114.09
203.73
123.70
253.22
60.64
145.69
121.16
360.04
172.09
130.62
307.49
73.31
73.77
243.90
270.26
137.37
45.46
35.80
144.15
33.14
79.99
296.98
141.07
235.50
71.27
7.04
237.72
88.45
47.30
204.60
491.08
21.71
45.82
53.31
99.05
72.15
0.80
83.49
174.90
64.78
45.02
99.08
85.88
34.70
147.19
102.34
218.30
252.77
118.06
84.88
165.46
39.90
85.48
140.44
41.70
58.10
103.65
29.16
564.37
23.76
61.06
318.73
9.64
46.39
64.30
142.23
196.11
219.81
31.10
210.67
4.10
139.00
189.50
351.74
195.34
231.03
344.41
53.69
89.47
38.90
148.71
362.18
502.09
196.20
129.67
154.30
121.39
122.11
551.65
34.92
79.61
421.77
160.36
44.41
16.09
75.50
111.65
108.64
82.61
243.52
102.96
20.29
4.39
26.78
48.40
293.23
104.53
29.93
38.69
24.30
44.90
18.29
116.66
65.89
115.41
84.67
23.78
463.71
167.11
90.77
24.53
69.96
102.36
64.42
79.53
83.72
118.36
2.17
289.34
296.39
28.50
35.94
71.45
327.06
100.63
29.22
40.85
253.54
102.30
68.74
157.39
268.02
151.85
323.37
204.09
305.79
182.59
155.99
78.45
23.29
143.40
60.78
140.22
152.71
34.83
63.23
77.85
217.44
50.03
35.25
212.03
44.31
45.62
225.10
71.38
42.38
66.75
218.28
78.25
210.69
34.42
254.55
53.36
57.84
172.46
631.26
247.04
104.68
166.15
120.75
5.49
63.92
8.95
152.52
24.79
2.98
208.09
34.16
200.34
263.25
292.88
48.98
355.89
46.01
155.21
416.82
65.37
45.45
194.89
128.63
32.87
288.15
572.82
176.49
17.03
86.27
248.18
43.88
79.41
398.17
88.63
70.97
89.71
354.61
255.90
17.76
43.86
170.27
68.62
118.83
193.77
256.49
381.60
55.88
79.90
473.39
33.67
27.19
151.02
48.93
123.66
96.49
58.01
406.45
244.16
129.76
237.74
327.83
88.58
111.78
24.14
146.46
76.90
79.69
55.39
4.32
170.99
171.09
32.66
273.07
373.51
15.35
187.97
259.25
262.09
284.60
200.67
83.87
143.75
51.12
388.96
229.92
226.54
39.56
65.28
168.02
75.79
41.94
166.22
110.14
214.50
212.69
20.88
102.28
30.11
77.64
167.64
20.81
6.70
35.90
317.60
262.38
188.51
186.81
271.96
3.13
114.12
63.91
122.33
331.15
610.43
13.50
616.38
68.09
109.35
14.70
179.67
27.75
163.19
13.16
32.17
149.64
88.47
119.98
51.91
216.87
65.44
1.06
41.66
285.08
289.91
84.42
0.39
231.08
271.06
57.91
116.53
13.74
31.69
37.19
158.41
330.45
314.42
73.68
175.87
120.94
150.69
229.03
44.05
411.22
124.97
0.39
180.24
99.04
139.30
54.79
221.95
82.43
34.86
18.36
160.83
165.74
12.61
150.79
129.53
325.18
168.16
177.07
127.16
28.25
513.29
224.23
68.23
404.74
50.90
93.96
56.20
370.56
48.78
234.25
169.48
256.31
114.08
217.88
82.41
33.88
102.74
193.48
261.87
50.58
198.36
27.10
27.61
103.01
20.48
491.34
173.43
337.17
38.15
370.62
228.35
90.19
30.93
92.04
31.54
62.13
22.00
149.01
5.63
64.49
4.24
52.58
402.91
186.59
0.41
179.90
60.91
119.68
83.83
436.25
244.38
41.60
13.12
29.55
32.88
41.37
197.35
152.88
82.73
3.69
58.95
155.24
177.51
96.77
105.03
200.97
91.64
52.93
155.20
68.44
8.05
50.19
232.00
230.11
123.83
75.78
100.14
30.82
73.28
149.83
144.14
199.78
238.02
123.59
265.00
77.95
388.27
111.73
298.04
60.84
13.85
181.50
37.88
174.82
15.97
65.74
464.16
309.66
11.79
19.58
120.08
104.02
109.36
52.57
108.43
95.23
52.72
279.33
317.93
75.70
298.61
123.07
110.74
251.29
83.77
146.01
198.99
262.79
167.98
13.51
49.96
103.15
2.56
76.05
180.27
56.67
273.72
199.96
137.05
135.41
45.64
16.23
160.66
62.53
169.15
101.04
109.71
8.56
260.26
168.79
99.74
116.87
14.98
63.29
74.36
475.41
32.04
309.57
18.38
321.42
176.04
287.06
63.67
27.44
119.84
0.81
97.77
59.97
114.59
105.34
112.20
9.82
95.73
65.18
114.46
93.75
77.34
74.48
5.36
11.07
266.35
116.09
392.02
98.81
138.89
119.00
162.10
84.24
75.36
3.13
53.78
2.46
293.16
262.59
252.23
20.72
389.62
307.37
11.08
318.73
301.71
6.37
23.26
8.21
1.62
9.99
321.62
8.96
88.78
15.68
143.34
215.17
540.40
82.88
92.85
170.40
151.03
380.68
184.25
186.56
42.25
114.98
152.74
147.75
51.33
22.91
12.66
160.40
113.45
245.08
145.60
237.22
12.14
173.41
237.40
6.78
11.53
62.98
100.00
141.45
309.57
7.37
37.27
88.82
108.43
3.53
136.93
2.90
347.15
141.37
141.88
388.79
111.20
25.29
40.97
158.98
92.98
62.74
96.62
41.62
402.65
245.17
97.56
245.68
205.91
63.13
292.18
50.36
12.44
316.44
239.49
23.39
84.02
17.90
0.40
152.59
47.05
193.44
53.17
100.28
63.80
163.50
88.43
270.97
172.95
19.76
232.53
354.89
34.99
30.65
208.65
17.78
209.44
32.52
494.76
9.16
83.91
87.24
366.19
183.87
19.93
239.75
49.94
12.76
68.15
4.88
65.20
101.86
141.27
367.69
9.24
292.42
44.68
429.85
51.88
26.74
35.78
1.54
167.66
57.64
267.08
112.22
53.10
123.36
258.08
425.46
134.35
64.67
158.13
83.75
85.00
15.44
62.78
22.03
119.86
272.55
107.75
3.13
238.33
52.81
142.58
45.37
30.09
226.04
332.43
126.69
108.54
49.07
66.51
25.04
393.14
17.92
12.19
70.49
142.70
106.44
99.01
256.30
131.35
123.32
100.43
20.19
22.19
2.27
133.91
278.27
53.88
222.95
46.20
213.94
122.09
139.02
142.42
199.20
63.29
85.13
74.27
6.31
319.22
117.08
41.77
84.76
86.19
42.10
1.23
156.84
92.86
115.94
221.94
28.15
96.65
248.58
221.70
274.21
96.00
200.89
121.55
87.78
129.33
90.97
113.92
95.12
55.22
18.66
96.55
6.65
22.86
326.20
7.36
49.74
87.82
42.57
143.62
50.76
30.13
14.98
259.25
87.28
43.43
5.18
137.68
91.16
30.94
388.24
569.11
73.18
122.62
69.82
195.26
94.30
21.11
256.05
31.20
119.14
489.88
3.99
2.98
52.75
86.23
265.93
70.59
84.33
121.20
196.23
91.78
295.60
83.16
164.81
76.44
176.41
139.89
118.90
2.80
247.96
125.77
124.32
66.86
80.18
4.30
263.90
183.65
14.67
80.64
71.32
69.34
54.35
94.37
137.49
23.73
7.56
86.94
29.29
314.35
67.73
33.47
243.76
146.66
25.71
209.57
8.08
282.87
503.58
221.93
152.19
134.16
332.59
178.10
8.00
104.03
148.75
34.38
33.92
166.79
150.61
61.78
19.14
41.64
25.15
54.27
54.94
233.92
123.68
18.09
225.56
145.31
44.74
78.16
215.35
414.49
32.28
119.81
70.07
126.87
1.04
46.56
102.46
208.63
140.20
58.04
19.28
45.38
112.98
90.08
57.38
386.66
17.20
154.63
57.49
78.24
82.72
236.01
118.01
20.07
25.41
93.32
76.24
59.85
55.20
152.48
296.21
105.15
162.00
104.20
119.87
96.36
12.91
8.40
298.17
335.23
33.21
146.04
397.32
16.40
219.12
16.51
9.13
148.10
187.87
27.21
20.61
113.15
278.84
59.59
90.23
340.47
18.66
89.68
25.75
372.55
21.52
233.54
1.41
33.44
61.97
274.63
158.58
92.91
52.50
326.38
86.04
157.24
110.16
141.76
17.54
168.18
159.92
35.14
96.64
106.14
447.11
4.06
366.95
185.75
64.65
245.85
39.26
15.51
72.10
449.91
46.22
224.98
281.78
409.98
20.14
232.84
1.81
129.01
120.09
17.68
2.39
189.51
62.70
53.98
10.25
331.89
58.98
91.72
27.40
81.99
1.52
179.10
292.78
108.21
107.86
84.18
48.04
14.65
71.62
23.72
98.45
151.45
16.40
52.52
304.92
175.53
136.54
41.89
29.74
33.10
75.60
186.80
88.59
301.06
30.04
122.02
73.03
2.03
110.70
40.05
74.82
39.07
151.54
45.39
11.93
404.93
224.89
19.31
52.26
172.80
383.65
60.90
51.28
159.28
156.02
20.30
384.20
118.21
59.70
181.84
134.73
69.90
70.42
123.89
46.15
83.52
15.72
298.63
176.51
12.11
47.62
67.72
264.48
53.83
18.85
88.80
88.40
73.87
63.95
144.14
328.81
221.29
269.30
148.17
141.48
222.78
34.48
32.36
26.91
36.95
77.19
116.83
174.93
191.12
245.19
23.35
70.59
255.14
372.11
90.12
149.24
92.31
72.50
178.78
240.16
11.10
141.28
13.72
186.50
49.34
131.72
76.61
63.03
166.73
371.54
35.59
171.03
381.87
176.72
31.77
33.61
21.31
52.28
259.64
177.86
210.48
45.95
163.62
194.60
172.63
12.65
235.27
211.11
46.46
38.76
52.58
76.94
95.15
47.38
28.00
21.14
143.71
326.39
12.39
111.75
27.68
131.94
249.09
104.26
59.37
0.45
175.79
81.54
51.25
244.78
2.57
258.43
57.00
216.22
160.20
334.98
89.79
149.56
136.80
10.16
49.35
199.01
24.92
24.90
5.03
35.12
287.62
42.80
21.98
111.11
162.01
144.15
9.01
68.57
145.60
176.25
228.35
198.69
89.88
8.95
213.01
297.59
161.89
101.69
4.90
151.75
314.03
18.71
140.22
60.64
194.68
119.54
64.69
304.58
7.79
79.25
2.43
74.34
5.94
80.87
42.69
569.21
12.77
45.63
179.54
110.64
275.07
186.01
121.66
136.41
86.31
25.89
149.63
208.14
73.13
57.05
203.69
182.67
15.85
25.12
20.98
222.85
160.05
160.02
45.21
43.79
4.27
167.75
62.50
51.42
73.84
71.64
97.34
212.91
14.43
17.72
176.80
16.43
65.69
94.12
82.18
109.04
244.94
224.85
128.76
32.06
58.24
212.14
120.42
79.29
274.12
88.38
133.10
104.86
60.14
118.35
2.84
113.86
108.74
122.83
201.89
173.62
58.25
32.66
53.58
53.34
23.85
68.97
180.11
141.79
53.85
59.24
64.59
5.84
7.51
136.85
35.42
197.07
124.40
0.72
3.89
118.17
54.91
78.10
48.56
40.07
144.65
11.35
341.37
167.21
277.46
0.18
194.20
40.69
183.54
79.40
188.31
164.37
239.48
197.73
106.93
90.31
62.41
92.29
49.26
154.50
411.29
37.69
21.57
46.02
37.07
163.47
325.86
138.09
196.46
175.92
34.37
183.74
60.29
269.45
13.37
168.23
150.92
36.55
61.76
97.22
81.40
2.07
215.28
40.96
204.49
269.18
0.40
171.39
67.25
276.97
87.65
6.07
160.70
62.37
222.87
4.99
275.17
279.57
79.25
117.16
125.83
279.16
256.58
83.88
227.35
6.97
186.23
93.32
14.10
304.14
70.32
90.76
6.87
43.20
202.23
5.70
111.06
85.67
1.71
166.10
144.00
27.76
289.03
14.84
210.68
32.73
51.65
145.75
12.24
244.87
155.39
107.30
129.98
76.27
97.23
66.20
139.47
91.02
151.67
57.98
57.42
202.93
91.45
213.78
101.12
107.43
60.56
195.34
106.29
176.65
344.10
90.97
283.37
97.18
20.54
56.80
91.87
133.49
14.70
106.76
115.76
261.79
136.22
39.46
71.45
102.57
8.06
37.82
89.64
124.76
319.24
148.02
321.13
141.71
219.41
130.39
299.08
179.64
175.08
149.53
59.16
122.84
80.54
11.77
38.14
108.67
189.59
177.54
116.68
30.97
133.97
122.71
85.00
50.74
375.80
174.33
209.37
96.61
120.20
202.41
151.68
29.62
40.82
94.28
46.14
182.91
135.87
132.82
114.57
395.75
121.81
7.67
13.11
242.51
128.91
155.29
3.32
36.15
182.58
182.22
3.29
125.39
189.25
67.88
63.84
366.76
277.80
135.31
269.45
10.54
105.92
94.62
26.22
162.76
21.62
365.58
17.66
22.91
30.44
165.95
73.78
34.54
149.41
7.58
41.18
43.14
373.72
39.79
3.35
78.02
150.32
156.37
16.25
96.25
45.85
74.81
107.13
21.34
404.18
82.31
88.38
105.26
139.24
218.41
263.67
81.38
22.34
2.01
117.61
30.89
376.82
189.72
186.09
233.92
167.45
56.72
19.17
90.93
192.54
274.26
34.48
20.35
90.84
108.12
26.75
95.02
44.71
146.10
34.11
139.18
223.20
158.42
150.72
20.53
2.80
98.89
143.81
94.84
13.91
26.17
120.33
118.97
2.57
117.09
251.81
123.66
223.27
42.04
61.32
7.17
151.87
11.30
51.51
192.64
185.31
31.05
157.50
90.16
109.71
18.48
252.84
173.87
70.59
60.78
88.38
106.51
117.13
2.77
48.98
242.98
228.88
114.66
103.11
0.82
265.26
481.68
90.70
154.90
128.27
209.85
77.91
52.65
107.45
98.26
153.39
166.71
204.04
100.87
50.74
14.07
104.15
71.30
44.24
154.36
7.86
56.43
194.81
112.09
129.02
10.09
20.14
36.41
0.48
13.86
30.09
189.93
217.23
15.22
377.93
71.65
105.93
100.16
236.55
306.64
13.95
124.81
38.41
134.55
9.14
98.97
232.30
88.68
52.51
169.82
137.52
24.20
72.06
24.97
39.44
149.37
71.84
40.10
68.09
26.55
44.10
389.14
45.50
32.94
182.47
119.57
17.15
143.20
145.55
67.66
131.88
17.00
157.86
73.07
172.06
227.55
95.91
97.18
44.73
79.15
29.28
27.35
173.37
13.78
151.12
63.32
72.53
1.19
178.82
43.49
104.25
140.42
0.39
120.43
2.62
19.27
48.45
106.92
75.29
215.91
347.39
192.45
73.73
160.65
134.43
3.37
273.73
117.29
36.01
93.94
62.48
47.07
18.66
2.89
93.45
373.17
59.89
17.19
33.98
30.58
146.10
209.97
152.63
33.25
152.99
45.46
176.60
155.26
69.41
27.72
35.08
126.79
55.75
19.61
19.88
233.50
296.40
424.13
1.51
178.70
127.00
168.32
12.44
14.45
26.37
42.43
3.97
99.97
36.83
52.95
93.95
46.90
101.48
279.13
60.84
224.72
34.60
126.16
103.95
56.98
50.13
143.89
83.03
483.82
162.71
153.15
26.36
9.89
399.28
230.29
18.22
30.46
125.24
55.14
97.75
82.16
36.20
309.79
287.62
37.09
32.63
120.98
196.78
41.77
154.19
51.75
47.99
72.82
305.59
0.68
33.53
57.52
100.83
0.21
65.49
25.34
36.05
37.72
159.79
155.16
16.95
141.50
10.84
30.68
9.01
87.52
67.27
178.93
16.46
122.78
61.32
18.44
124.14
197.67
14.10
37.58
405.52
40.18
3.04
64.29
172.79
165.38
171.94
267.10
87.33
38.45
10.63
96.91
216.94
128.57
122.32
65.67
93.09
413.83
107.98
155.91
121.26
145.76
59.89
188.34
323.60
37.45
23.64
134.95
248.88
90.78
45.58
0.64
40.12
166.89
39.43
181.89
218.86
79.46
79.67
108.57
202.16
102.69
78.19
15.38
138.99
71.91
360.64
149.31
226.14
255.56
339.66
150.14
64.99
157.85
61.30
26.73
184.16
155.52
197.57
170.20
110.56
8.02
124.47
118.73
82.41
121.69
153.64
98.50
6.34
90.51
142.65
61.51
472.31
169.28
43.61
69.11
30.27
18.25
235.17
527.11
13.59
215.89
186.06
90.37
31.63
17.78
54.81
24.40
34.73
80.49
23.15
82.78
62.73
22.14
50.44
150.01
77.56
28.99
105.35
40.75
105.98
63.56
24.49
221.50
22.15
93.34
313.33
15.26
356.36
187.20
185.17
255.68
28.30
693.88
107.76
266.07
133.06
2.41
123.55
1.34
50.19
129.35
0.79
89.52
203.47
161.84
303.44
150.47
212.36
111.85
93.93
273.18
39.63
102.33
374.38
256.62
39.92
276.38
74.98
313.30
44.88
4.17
76.89
178.70
103.76
139.31
54.89
230.97
234.68
94.41
18.74
92.33
147.90
209.85
78.83
53.80
394.63
200.06
34.82
147.41
26.47
133.42
20.72
421.22
266.04
13.79
11.38
211.94
262.60
89.55
33.65
8.34
128.84
288.31
175.17
21.84
396.62
393.25
281.99
123.13
65.74
64.50
29.59
22.26
224.56
104.27
57.30
229.59
14.01
123.98
68.32
362.95
10.41
137.53
96.18
136.37
61.80
0.32
23.59
171.13
38.86
157.66
119.60
3.15
1.63
133.80
121.71
279.16
22.83
217.27
140.96
27.26
145.25
57.84
4.18
302.09
180.82
28.59
19.08
54.22
54.22
84.28
0.81
25.75
138.79
86.72
247.80
49.69
22.07
45.32
163.97
119.47
119.41
12.74
104.14
61.06
209.02
133.19
122.66
185.79
38.11
1.39
79.96
9.14
60.27
17.95
56.06
61.82
31.80
67.14
244.12
132.32
76.03
131.30
101.25
110.69
3.69
15.52
301.52
127.59
61.76
18.96
114.19
88.32
82.16
0.89
90.06
15.56
274.76
67.22
57.98
63.18
130.11
63.70
6.60
131.43
12.86
99.27
54.86
146.19
53.47
95.03
141.55
132.11
274.74
198.97
225.84
34.00
206.58
43.99
174.29
155.19
492.49
84.25
94.70
91.94
5.75
182.80
207.29
65.02
18.93
295.38
11.01
71.11
84.99
23.02
224.60
5.78
93.02
89.43
43.26
105.83
25.21
340.98
119.71
71.61
23.95
164.79
25.18
197.41
147.70
66.11
54.31
16.70
43.33
36.91
95.07
277.73
253.53
57.87
12.27
114.30
234.54
57.59
119.63
80.89
136.25
68.84
12.17
270.92
64.47
150.28
313.32
153.17
112.83
92.16
22.62
8.08
2.81
62.42
364.99
206.60
65.70
99.81
4.80
84.81
21.07
178.81
50.71
160.92
6.54
1.38
168.18
224.42
39.66
112.21
158.73
9.11
85.13
5.69
14.17
2.29
154.91
184.05
120.37
70.02
53.29
81.22
16.21
208.26
199.17
10.05
36.27
99.94
241.40
76.95
31.57
33.14
110.84
132.67
198.25
26.75
100.62
50.73
97.93
186.68
47.82
334.36
22.57
91.23
32.14
187.47
174.76
134.10
16.15
120.81
80.65
34.16
79.43
26.45
122.34
52.16
66.74
18.25
158.21
146.52
127.30
206.18
469.77
26.09
217.20
186.00
31.40
117.93
27.78
129.67
16.49
220.62
109.92
154.15
408.51
12.85
89.80
133.45
39.37
103.88
4.83
42.63
150.64
127.87
13.96
267.30
46.14
256.04
371.95
59.00
47.66
145.35
15.52
260.56
48.86
156.94
66.29
46.33
80.89
318.78
47.99
67.48
66.57
91.13
2.00
102.65
70.59
44.06
203.01
107.59
17.92
148.39
109.72
146.45
225.52
100.14
154.40
25.21
145.36
45.02
85.26
229.75
72.68
12.10
23.12
119.79
47.61
26.13
32.97
311.74
125.83
165.38
29.40
123.57
91.47
154.69
65.17
88.20
102.65
62.01
94.50
18.11
79.45
188.40
47.40
98.62
18.60
0.49
137.22
115.53
444.31
176.53
38.06
106.90
149.92
99.86
74.46
30.64
254.03
20.40
141.21
1.99
30.89
60.87
84.96
1.57
98.27
485.05
106.33
86.52
138.97
95.99
20.86
51.34
4.70
8.86
140.28
88.15
55.14
36.15
177.24
392.69
74.71
285.62
123.08
203.82
187.64
172.36
12.75
25.96
51.63
148.39
61.81
123.51
238.97
141.90
81.82
26.53
233.18
57.53
149.28
112.86
21.48
81.45
200.92
59.34
309.82
209.75
86.48
240.53
92.67
322.87
124.73
16.15
25.22
202.01
23.63
10.67
45.82
86.04
35.80
8.09
282.29
180.53
181.53
114.51
227.10
49.87
32.33
96.98
201.38
186.95
50.39
26.77
438.78
22.84
94.80
135.31
50.86
136.00
177.86
130.15
64.69
36.54
83.88
34.66
120.47
229.16
39.98
107.49
17.78
58.29
48.64
72.73
70.95
45.75
198.87
37.02
80.71
127.65
43.17
84.13
172.87
94.10
328.60
132.22
8.26
46.46
47.05
131.50
91.32
10.68
18.32
13.95
202.60
101.60
42.81
113.37
22.29
165.14
97.51
64.63
212.57
235.54
193.52
83.51
354.83
27.46
235.97
47.64
30.99
223.90
89.33
146.90
18.19
30.39
178.67
312.18
156.31
53.78
25.82
125.45
123.69
148.31
102.11
68.50
29.44
42.14
154.74
35.84
6.12
40.46
80.55
17.36
141.41
313.79
10.01
36.51
185.73
72.50
31.05
119.42
101.89
207.54
32.34
422.51
28.50
148.21
60.52
186.70
145.51
47.01
91.93
2.92
19.19
140.10
144.11
32.54
196.61
22.64
21.40
19.32
189.12
84.71
2.54
11.83
31.98
13.12
174.80
169.23
142.45
74.94
93.12
42.83
139.00
93.82
307.81
76.95
202.66
17.89
9.00
84.95
258.72
167.92
153.32
300.63
4.46
237.24
135.31
96.43
16.83
24.71
60.36
17.48
137.22
280.09
180.84
113.63
22.48
351.17
39.53
85.08
119.50
102.28
26.80
12.46
78.16
163.93
59.33
22.00
252.19
15.05
248.85
56.45
113.26
29.90
57.82
161.65
53.09
86.83
28.62
41.61
80.90
8.54
90.39
45.55
5.00
56.20
111.97
6.73
166.22
37.23
98.73
125.18
254.56
235.21
356.80
123.53
46.01
100.45
172.13
19.40
74.18
93.31
40.67
94.04
52.20
61.09
47.90
59.94
200.55
49.63
48.47
24.87
142.38
43.00
176.44
25.36
5.04
162.34
172.93
60.39
173.68
159.21
42.97
4.25
281.80
267.06
17.78
53.74
143.52
85.22
57.80
6.42
148.75
53.62
22.01
53.19
272.22
79.86
16.47
7.49
40.98
36.33
87.01
389.38
40.45
243.58
37.90
189.96
96.44
231.61
53.17
140.55
228.36
8.08
151.33
94.14
92.21
47.37
14.97
68.21
201.67
108.67
152.27
86.35
6.53
31.52
251.44
70.56
104.95
43.32
101.90
106.64
164.79
9.86
40.94
113.74
112.96
115.38
57.55
154.72
2.33
97.42
86.15
8.23
145.07
67.69
63.74
1.88
162.04
74.47
9.13
0.45
235.15
4.84
15.11
8.06
20.13
181.03
245.71
14.80
194.93
37.01
126.58
18.96
191.43
58.19
311.43
102.68
44.72
36.60
18.44
110.83
24.16
171.22
113.13
0.63
47.93
55.96
36.21
156.53
348.71
41.61
9.72
36.55
1.74
52.55
58.97
67.35
15.23
125.09
244.14
28.92
198.27
6.72
111.24
80.60
6.23
120.77
58.75
134.74
55.09
149.78
30.70
297.75
125.63
253.83
19.85
224.27
48.72
142.38
31.40
5.42
7.62
19.29
283.32
22.51
169.14
101.36
31.25
129.01
154.96
179.30
33.84
143.86
123.46
154.82
8.62
73.10
17.07
136.07
101.72
185.47
40.22
3.64
169.67
94.20
130.35
136.50
261.79
92.20
95.63
145.79
97.71
143.00
42.83
145.23
79.03
108.94
202.50
248.58
45.94
198.80
1.54
15.42
37.01
60.22
23.47
86.47
93.75
16.84
113.06
268.49
11.71
276.43
42.55
37.63
58.93
35.20
30.06
144.11
19.92
334.58
183.76
53.63
3.81
305.17
107.45
7.72
24.13
66.51
34.73
113.43
63.94
26.97
136.60
56.03
227.08
39.10
25.84
3.47
187.40
167.53
147.02
169.54
154.21
51.44
15.46
17.37
82.49
29.43
41.40
14.64
27.35
240.00
298.66
46.91
33.18
94.65
5.64
57.71
41.10
19.73
49.07
5.24
77.46
151.02
67.21
4.51
243.41
52.11
9.11
41.10
36.23
91.49
183.43
22.46
403.66
262.19
14.72
137.54
194.59
10.12
73.41
22.59
27.83
324.30
66.86
9.53
144.14
80.09
140.61
154.54
25.17
20.03
274.32
150.27
55.00
66.30
6.87
487.60
64.12
335.24
28.44
113.54
201.93
45.44
189.19
153.60
81.45
82.03
234.62
124.34
42.89
60.93
193.80
15.30
76.19
38.55
335.17
81.89
35.37
187.76
22.44
56.67
174.92
177.90
36.40
246.52
142.47
52.29
109.07
36.65
199.88
19.37
22.45
68.43
98.92
81.47
146.07
119.91
66.78
232.41
52.45
64.18
43.54
114.58
100.89
276.17
118.80
88.64
49.80
27.76
110.05
219.03
184.58
61.43
150.89
152.31
10.70
346.88
155.65
72.94
245.48
23.34
290.25
24.39
31.05
62.68
49.83
78.29
54.29
0.52
100.10
63.08
3.40
145.21
57.03
196.23
25.57
48.46
138.23
56.87
419.35
56.55
17.61
299.21
89.62
110.23
100.82
6.79
108.29
46.77
7.08
6.31
184.57
13.35
240.36
26.63
1.37
72.40
3.16
52.76
184.03
122.22
86.00
14.44
194.22
10.23
134.37
282.02
134.69
128.56
79.27
126.48
18.10
278.03
173.06
108.04
80.21
29.36
59.22
126.71
175.19
198.09
48.75
42.03
18.12
54.49
116.21
37.90
300.90
102.87
6.17
90.15
46.20
238.67
38.49
1.79
57.41
1.68
43.62
110.81
51.67
16.40
234.86
23.12
4.34
6.52
111.67
115.10
11.82
13.96
183.50
20.65
340.92
156.98
140.71
65.57
5.20
51.43
135.73
105.28
422.10
22.61
47.76
142.07
20.66
25.96
182.95
60.50
87.81
19.91
95.69
233.06
59.54
234.26
55.49
39.09
43.73
72.32
71.23
115.57
64.92
97.44
25.76
0.85
10.37
377.47
193.55
11.89
40.75
19.98
186.41
114.10
25.28
156.32
175.69
64.07
221.01
22.61
81.70
14.56
172.01
22.53
124.12
71.34
250.49
51.16
158.04
34.77
97.59
191.77
99.86
3.94
146.08
78.43
136.66
190.13
76.70
25.56
192.15
105.65
6.21
42.68
34.92
149.61
258.59
24.75
4.23
125.34
31.73
205.98
68.92
70.72
3.51
7.91
257.93
21.10
37.61
14.16
233.36
28.14
71.34
28.74
58.30
262.60
23.06
71.73
152.97
92.01
417.17
203.66
51.77
180.96
95.40
33.98
74.52
56.95
98.55
25.30
50.46
31.75
155.52
15.84
12.85
71.75
163.18
29.03
111.15
84.58
160.07
117.16
26.25
298.54
19.71
49.76
127.65
166.95
152.08
87.04
29.70
31.62
74.18
59.08
12.09
221.48
172.42
58.42
23.17
29.20
308.81
133.50
37.26
168.37
197.84
49.66
3.65
110.23
80.83
401.95
173.87
11.68
104.89
163.82
77.44
86.09
89.37
21.53
17.95
67.99
135.03
25.96
206.17
157.59
240.67
40.14
87.46
54.36
41.67
135.18
489.49
2.38
193.38
182.85
127.64
181.65
21.61
35.33
173.68
124.77
176.21
121.49
214.83
58.16
119.93
75.08
114.38
37.29
53.48
23.95
45.94
76.12
56.90
9.46
129.54
181.33
66.33
306.14
62.79
32.49
74.60
182.04
36.99
101.20
117.70
188.54
18.04
195.24
69.31
118.90
458.00
90.83
13.74
78.44
31.31
75.04
105.32
20.53
9.39
100.55
103.54
111.56
6.23
111.16
112.20
140.15
4.82
63.51
275.18
60.90
7.72
47.40
2.19
2.44
18.31
24.11
1.35
63.49
148.20
202.87
152.36
77.47
80.53
338.21
176.16
117.41
43.73
104.65
130.87
13.99
21.85
165.72
28.98
54.22
70.11
80.31
141.56
129.33
2.48
35.14
67.20
129.44
77.51
29.42
40.27
248.71
136.72
63.56
106.94
54.87
51.21
51.02
221.79
112.25
8.76
250.75
135.68
68.35
10.09
58.38
109.39
39.30
2.15
101.59
40.61
18.06
16.15
18.44
79.11
11.75
142.54
24.00
50.97
110.39
70.71
13.34
71.09
17.61
91.31
73.34
59.73
16.11
0.21
18.75
36.59
19.77
100.95
32.87
33.14
182.98
112.07
105.69
12.09
37.56
22.08
135.98
8.36
18.64
52.18
58.98
37.98
194.30
34.70
127.63
167.77
54.55
43.39
87.97
54.57
96.44
41.96
46.96
3.69
115.46
76.38
209.82
177.21
156.90
26.27
57.30
16.10
16.60
260.87
89.32
121.70
62.69
14.94
193.20
13.85
237.55
243.96
136.89
179.05
27.78
110.28
31.53
4.63
10.14
1.03
21.81
102.18
17.20
477.53
75.60
173.15
249.78
201.21
277.45
56.78
164.62
62.67
81.26
136.77
36.80
44.46
283.40
29.95
77.66
167.18
111.79
32.58
195.10
49.80
157.32
50.33
23.89
26.40
93.93
75.96
77.04
26.05
159.22
67.23
25.75
74.49
33.41
81.57
29.28
22.59
105.90
255.70
76.95
146.29
95.08
9.70
114.08
144.38
14.38
29.47
2.96
30.08
121.96
11.06
48.70
89.53
56.79
87.82
8.32
12.47
100.43
125.86
54.79
66.06
127.02
131.10
76.50
28.89
197.70
73.28
98.92
144.39
59.73
117.12
35.71
10.46
6.35
102.96
74.56
33.37
154.33
44.00
78.42
111.18
34.76
121.31
78.12
224.57
60.05
22.00
225.70
65.07
331.76
18.52
38.15
51.60
107.86
135.04
135.33
51.16
127.46
143.32
23.57
56.04
77.07
36.77
15.12
95.93
40.76
194.47
362.84
123.52
52.41
63.25
82.89
274.43
53.35
13.21
41.83
101.79
439.30
140.90
325.86
190.33
5.75
153.91
199.19
99.23
20.71
6.01
16.32
203.75
15.70
10.06
79.65
6.09
103.26
40.26
3.54
83.17
51.68
140.86
140.25
110.03
197.20
34.64
84.83
21.05
69.48
41.08
22.50
230.11
77.94
191.72
47.31
179.11
91.78
183.85
70.49
43.27
9.86
34.29
47.72
84.25
9.40
5.28
282.43
62.93
61.19
85.77
376.37
214.40
27.85
8.99
108.42
41.45
402.04
281.66
20.13
42.75
128.31
152.99
133.72
69.82
86.38
64.03
47.41
39.00
70.25
82.56
31.87
129.76
38.55
150.01
26.73
43.25
34.10
255.13
18.35
34.62
60.97
14.85
84.08
70.87
152.61
36.50
6.89
435.15
136.91
157.13
89.19
3.47
179.51
14.09
72.11
200.13
85.31
160.64
17.85
97.52
90.29
223.45
14.43
31.20
39.18
111.15
247.31
23.88
31.20
247.80
128.06
35.61
31.89
23.95
144.33
61.23
136.24
48.28
56.42
6.58
203.98
93.44
45.67
152.09
11.18
59.11
67.49
26.58
102.67
94.26
257.94
43.03
145.87
52.75
187.53
21.55
3.23
56.99
72.34
5.06
57.31
127.46
52.61
47.74
125.48
100.55
94.02
110.21
10.45
124.90
137.91
130.36
111.98
3.61
24.72
48.44
29.01
35.29
161.21
149.74
25.86
99.94
17.58
48.10
36.27
60.71
272.85
16.49
56.22
72.48
47.67
107.49
181.18
71.65
259.69
89.84
104.42
106.04
87.37
266.72
17.18
162.17
190.62
170.34
99.04
22.83
75.40
129.77
196.45
134.61
85.51
152.59
111.05
33.94
28.25
236.03
147.70
89.98
29.42
155.29
151.07
311.05
7.00
51.80
96.47
27.34
59.36
250.35
93.60
162.06
226.26
28.12
58.93
130.13
59.65
245.19
32.31
39.14
7.69
199.61
285.18
94.41
102.54
48.79
44.62
175.20
56.67
50.44
109.72
148.87
117.82
214.42
22.36
84.51
255.11
23.70
61.96
118.07
92.81
108.30
13.47
196.23
52.64
50.36
27.07
50.15
29.10
44.87
48.37
18.10
8.36
147.46
12.57
20.09
13.25
37.42
60.87
212.16
172.27
63.34
32.73
172.72
72.09
38.35
18.99
15.15
27.15
44.86
298.37
119.97
13.84
81.38
48.03
84.36
244.73
52.26
25.34
36.22
118.79
89.46
152.50
65.56
26.95
245.54
56.88
41.95
114.82
169.77
268.50
70.65
356.29
121.89
264.33
243.40
9.67
121.83
64.92
36.77
31.07
127.14
61.38
92.82
173.54
27.09
46.93
17.28
55.76
69.78
13.99
132.32
147.06
84.93
43.91
90.64
67.75
268.31
29.34
57.91
5.02
73.44
73.66
271.84
50.28
75.81
142.33
165.37
141.78
50.61
118.22
82.47
65.24
56.92
76.12
147.93
48.08
243.48
10.71
113.33
67.46
26.54
32.79
45.91
83.75
56.15
129.40
185.96
134.52
140.70
73.71
60.00
80.80
0.87
153.76
62.92
24.33
9.44
90.57
67.68
44.07
175.30
0.50
197.95
139.24
272.36
37.89
82.46
33.87
87.46
124.42
272.32
11.24
49.61
125.86
8.40
90.02
71.42
16.91
45.16
14.47
9.70
85.46
29.78
23.68
162.56
178.80
147.62
9.98
217.10
310.82
150.75
241.81
98.81
4.06
18.88
68.64
208.82
125.42
21.75
141.60
108.37
193.48
48.41
17.30
24.80
147.99
66.72
58.30
171.48
105.45
90.52
217.17
60.24
26.91
80.52
34.12
108.86
78.05
56.88
109.59
107.97
89.51
30.71
148.75
151.27
9.10
35.55
1.77
196.13
38.22
70.36
36.56
25.12
0.25
128.54
57.00
156.26
146.05
69.08
0.62
21.39
334.32
116.61
7.50
146.93
145.27
170.67
22.41
88.17
112.82
46.20
81.78
43.27
154.19
56.36
67.39
257.34
154.72
245.32
29.15
79.06
33.63
24.96
34.49
46.61
243.78
21.84
305.25
24.77
52.17
103.26
58.94
152.00
44.54
16.04
95.35
4.61
81.10
104.50
2.85
40.75
3.68
78.46
57.14
15.75
54.97
10.92
18.54
237.18
71.11
13.35
38.52
190.49
1.27
141.17
85.14
10.49
26.90
289.62
88.64
77.32
9.87
65.27
161.14
338.15
17.42
145.25
47.86
47.88
88.28
92.75
128.89
110.21
109.37
125.45
268.32
73.10
1.03
77.18
52.80
183.38
85.13
20.29
99.04
31.75
296.28
19.97
113.79
58.92
101.78
101.30
119.02
58.07
5.33
29.91
53.15
31.68
19.80
150.04
21.41
94.58
167.11
315.89
0.44
171.75
157.76
89.97
62.95
85.28
26.31
101.46
84.19
260.72
8.68
50.00
67.76
100.58
324.88
140.94
8.41
99.35
124.66
175.81
12.80
133.96
78.23
78.34
44.82
6.24
227.34
70.27
169.23
89.75
230.68
8.20
56.27
73.31
128.58
120.94
141.85
184.79
252.19
59.01
73.06
152.33
31.22
93.96
46.77
122.92
80.11
90.47
56.74
115.11
101.00
68.30
61.78
11.39
11.45
18.23
10.19
30.03
143.36
35.74
83.43
69.84
269.87
133.13
152.62
116.42
35.64
83.79
116.39
102.28
262.30
133.81
9.34
192.77
122.32
142.77
91.15
3.68
212.79
175.89
72.58
181.90
105.29
254.94
185.05
16.87
9.70
150.13
40.09
28.04
22.66
103.58
39.14
118.70
121.28
45.24
292.85
62.66
64.78
197.47
9.76
119.55
115.70
5.75
96.53
83.41
86.59
24.06
118.09
201.34
108.20
140.09
178.49
153.52
227.75
155.66
36.07
64.04
158.36
42.33
24.97
172.70
37.53
155.99
88.06
7.87
10.07
64.84
62.59
159.22
32.53
5.41
6.75
16.54
48.15
104.51
50.72
21.53
43.12
49.01
134.81
152.45
96.14
57.65
17.75
122.63
218.69
30.64
83.36
264.39
7.58
150.92
69.57
78.07
47.00
31.69
29.30
83.33
57.78
98.76
152.50
107.62
124.22
82.99
136.94
35.51
40.60
61.38
54.73
204.68
58.29
151.27
136.88
59.79
58.00
46.56
20.70
73.46
237.72
163.90
2.77
128.54
19.86
70.37
86.63
43.89
70.65
153.29
38.73
260.24
45.45
170.76
56.65
2.33
22.15
47.85
233.54
42.43
9.56
265.01
43.61
200.47
14.52
69.56
32.65
60.13
83.27
64.04
75.86
143.45
20.08
357.80
20.13
61.12
16.47
45.37
189.83
6.28
110.73
39.33
13.82
74.67
34.46
38.82
59.47
89.58
14.05
97.84
70.56
146.23
116.95
91.28
68.87
102.05
1.15
253.38
321.13
13.19
5.86
47.44
62.06
27.16
77.24
23.93
78.95
84.83
67.24
94.74
34.86
35.74
12.30
91.38
50.89
179.24
131.00
89.65
117.16
169.81
81.54
395.87
158.25
174.28
205.85
73.55
9.96
245.48
75.08
53.29
265.56
26.57
40.00
91.42
121.40
190.75
42.72
12.93
0.40
159.56
246.69
31.13
253.10
2.56
35.80
111.63
48.47
95.06
11.13
21.85
142.13
109.14
19.38
53.19
166.76
33.01
4.16
300.50
202.33
20.51
2.66
183.75
122.26
90.69
123.30
29.47
101.51
22.89
43.62
28.92
166.46
2.46
224.07
53.58
100.82
62.01
83.15
122.23
20.42
85.77
32.27
46.96
63.02
59.96
78.51
15.61
37.65
20.32
172.38
138.46
45.85
71.98
0.86
5.80
46.05
58.00
110.34
26.42
77.67
76.97
111.83
6.00
7.30
65.90
245.38
69.74
98.73
56.60
99.31
118.35
16.40
69.92
182.80
46.63
73.24
99.42
50.04
247.65
106.45
91.92
8.74
122.83
136.44
235.35
42.32
9.74
99.44
76.94
133.97
64.81
8.32
67.58
48.95
253.79
124.05
15.81
83.72
123.14
17.83
55.82
168.28
72.55
150.79
29.73
88.21
11.69
53.30
12.09
77.82
45.60
31.44
72.10
307.89
5.32
101.27
299.15
100.90
61.31
201.73
119.68
139.60
128.63
31.64
339.46
13.23
165.98
283.26
274.56
146.25
78.07
128.99
7.29
50.27
27.25
9.32
156.98
3.88
94.45
208.03
8.30
67.90
28.80
199.54
2.94
14.55
50.45
111.06
261.27
0.61
4.39
44.19
81.40
28.63
94.57
267.96
5.45
26.89
177.76
170.63
50.87
74.01
8.52
146.05
2.04
58.42
49.96
4.52
24.51
145.14
21.33
124.25
41.93
24.39
1.83
126.36
139.25
55.74
233.29
84.71
198.11
97.08
125.06
91.75
25.45
160.29
37.83
113.69
168.84
85.79
3.26
164.38
25.70
49.98
14.39
142.56
116.41
91.44
134.67
159.51
96.25
42.74
20.59
170.84
212.19
114.71
69.56
38.16
105.06
114.19
6.60
113.37
9.31
142.13
41.47
191.05
43.32
269.09
27.70
173.28
50.14
259.10
87.34
41.64
107.88
15.49
77.70
41.76
92.66
31.30
226.14
53.60
13.16
32.74
32.70
207.09
115.65
44.97
61.07
90.67
38.80
270.39
128.52
144.80
174.05
132.99
193.17
13.25
87.44
42.85
238.99
62.52
42.36
138.31
44.47
1.55
37.56
213.60
93.20
76.35
10.73
6.23
0.76
11.89
3.65
163.84
136.86
17.03
293.56
109.32
133.08
103.22
129.33
200.23
15.34
4.64
51.02
190.52
66.30
63.81
119.97
16.71
124.07
104.77
121.54
58.80
24.40
3.64
4.32
195.09
147.77
149.84
37.40
90.98
67.49
15.19
157.70
94.33
23.70
139.02
88.54
47.18
43.36
287.37
9.97
77.85
198.10
68.87
40.67
94.45
126.77
8.53
62.22
18.50
28.53
57.04
164.80
77.43
139.35
3.29
29.97
111.35
48.70
66.89
104.34
7.85
54.87
18.34
3.01
83.66
17.33
201.66
10.98
91.73
17.40
251.65
39.65
60.26
130.76
87.50
12.99
68.18
102.06
15.66
44.21
44.79
369.57
186.12
252.24
7.94
27.64
162.61
232.83
8.60
151.88
69.16
130.13
52.82
90.02
50.33
180.84
73.04
40.71
180.11
387.06
1.70
15.53
79.15
104.22
148.75
134.35
194.85
24.03
87.29
230.94
109.62
215.09
95.40
214.62
0.39
20.61
142.09
15.23
5.04
25.49
79.73
34.97
94.36
238.60
73.73
64.23
36.42
169.48
129.88
16.90
222.86
250.05
19.43
50.65
16.76
319.56
238.74
34.07
102.52
21.59
88.64
268.73
128.73
135.36
66.52
79.97
9.17
20.21
101.59
12.38
70.60
40.74
73.22
79.33
16.98
32.15
43.61
5.08
26.37
24.97
79.37
6.17
18.97
96.43
87.22
37.63
6.91
176.15
71.14
123.72
108.99
9.23
39.31
52.15
78.79
65.85
304.66
29.40
93.07
10.42
140.55
10.71
61.96
69.80
33.81
246.75
118.62
30.31
30.63
115.48
1.39
68.68
68.83
59.44
37.71
117.84
16.93
53.34
169.75
16.52
254.87
15.45
73.08
167.32
7.89
13.85
77.90
96.95
93.53
114.23
125.61
89.05
35.02
108.35
249.02
102.06
250.58
34.12
36.23
171.87
41.71
74.94
56.73
60.95
77.79
39.69
258.43
75.15
103.87
24.59
120.62
25.67
64.04
50.25
27.06
84.29
52.12
7.48
179.71
29.74
72.12
29.90
246.90
37.11
132.91
40.97
14.90
10.90
181.27
175.57
0.77
1.47
21.32
112.37
11.35
7.10
2.57
77.37
23.65
71.28
129.67
43.51
60.91
224.49
18.19
161.92
58.09
24.58
101.37
20.35
34.25
17.76
178.04
45.71
124.41
1.78
18.56
91.80
167.75
0.65
50.31
51.36
12.30
10.41
51.53
109.58
25.71
36.11
73.80
178.94
77.70
17.58
94.85
8.03
25.72
13.57
53.26
28.79
114.98
94.38
34.52
132.94
10.58
45.62
26.99
158.97
87.39
41.00
0.92
98.70
83.21
46.90
50.10
20.85
47.25
124.79
38.38
174.01
187.40
307.68
49.96
26.55
