70619.32 7268
19273.59
11862.95
10943.65
2352.89
42550.66
13829.40
9771.43
3659.15
9190.42
1403.31
6744.68
8667.54
238.22
2777.06
11547.42
2789.15
8780.85
2556.76
2551.51
31.68
2962.94
5277.75
8676.22
4547.10
4894.25
4957.24
1650.70
416.35
1621.94
3065.91
402.48
2068.77
7571.85
2182.00
1993.89
3540.11
6085.74
7015.66
598.50
1207.86
1251.05
1382.66
649.54
910.04
1558.75
41.00
2559.66
435.23
2228.83
1438.37
2599.12
2095.00
1456.51
203.90
1452.31
2589.69
2.16
938.92
327.80
1416.87
1144.35
430.23
1551.71
907.86
807.71
1165.44
2142.01
2377.71
2714.77
1713.61
581.70
987.16
2109.97
2725.85
6091.51
7285.79
1747.80
1606.65
501.41
1.84
929.79
1067.03
188.32
33.95
4585.35
6100.17
743.98
1813.92
1167.32
1324.61
1414.57
2087.03
918.19
1721.08
3449.86
107.19
1327.20
3647.81
1366.79
450.85
2384.28
66.48
542.13
2721.81
1253.97
484.43
1415.68
4504.05
2528.33
338.54
182.60
176.06
1100.46
1142.20
143.33
613.72
1284.55
1333.69
1893.53
1070.68
53.07
391.45
1760.26
300.77
900.46
666.76
911.24
1401.57
1170.91
622.59
5542.32
614.43
352.28
128.37
2777.38
698.14
951.81
48.14
14.14
2346.09
455.28
683.52
210.98
850.97
1944.31
1615.41
314.82
18.51
1238.14
281.41
1137.63
276.40
1567.04
820.86
2591.77
24.41
990.32
1323.59
1290.61
768.62
105.89
91.59
1094.57
3610.55
3354.01
2135.75
951.36
111.04
238.87
1671.47
1000.43
183.15
1015.87
109.23
1508.51
55.48
66.73
610.83
1857.72
3266.84
150.44
198.88
1888.68
348.77
2524.04
1818.30
284.80
631.75
761.35
205.86
1147.78
538.66
288.49
1297.89
1364.41
2092.67
1934.24
636.68
2993.50
304.47
510.82
394.32
334.18
115.27
284.43
2080.47
262.00
1265.62
570.03
718.00
1162.82
439.36
365.56
538.32
1197.43
1635.38
681.11
1008.93
61.57
213.51
193.25
1239.33
593.30
1744.01
679.26
780.50
17.71
699.74
368.86
71.90
795.52
1.63
647.31
234.41
705.04
108.19
423.21
196.39
180.04
578.84
1976.80
343.89
2259.76
487.61
1531.11
611.04
228.50
60.45
932.21
1771.92
98.70
278.55
1589.19
108.55
513.54
9.69
1217.51
417.91
121.76
449.41
3.32
465.65
904.74
296.46
615.16
1400.73
113.04
1245.56
479.50
156.37
1794.88
272.25
314.86
885.04
31.30
320.30
397.90
108.32
163.98
283.64
401.19
452.25
389.91
90.82
361.68
2347.11
595.48
1256.05
233.76
1452.41
813.96
218.78
1151.42
851.67
51.34
708.59
26.73
445.25
207.64
219.71
1034.03
949.19
286.11
76.57
971.60
257.37
661.92
214.97
1158.03
410.85
70.34
180.65
13.86
753.33
252.93
591.40
760.84
735.68
258.90
891.96
360.36
3269.63
56.73
656.26
1453.02
1016.38
20.82
199.79
439.82
490.09
619.98
255.17
890.84
29.10
471.65
1077.49
293.13
476.24
156.05
159.07
164.56
1224.30
352.79
1192.99
208.09
245.31
75.78
354.92
897.11
472.19
875.89
107.89
1211.47
34.86
453.27
260.48
174.66
1222.31
112.19
606.84
35.49
72.33
59.68
364.73
1458.94
368.36
693.05
581.99
388.94
993.35
853.14
592.74
685.27
432.20
122.36
1703.43
237.71
1030.00
652.96
1189.83
2285.49
1476.89
53.89
298.92
180.76
29.72
221.69
24.40
2827.50
377.05
224.18
98.93
989.34
473.24
1242.15
879.94
387.67
183.75
193.97
292.52
249.99
802.15
51.36
1668.27
1194.68
831.24
865.68
294.19
409.33
290.13
768.22
1287.84
69.65
731.22
17.83
716.16
300.95
1149.86
709.66
605.28
729.56
337.68
325.66
470.87
395.16
565.59
2508.56
1110.08
1135.73
197.46
353.50
144.16
95.31
1200.84
910.65
727.16
119.38
437.16
179.18
12.58
102.86
763.27
150.47
83.56
672.64
344.41
939.78
562.35
1086.72
277.77
26.91
6.78
184.58
93.83
458.39
982.57
1204.17
808.27
308.90
1200.81
1085.42
177.55
1173.37
499.72
223.09
3.43
836.39
614.92
73.76
289.59
893.88
1024.05
669.14
344.41
57.47
492.82
494.74
750.31
73.11
358.73
1064.30
260.44
281.45
460.11
590.63
2.31
885.92
73.16
433.52
1115.23
162.61
459.97
599.82
459.26
504.20
222.86
880.71
324.16
379.22
338.53
0.44
692.25
2089.52
1174.77
375.68
716.87
378.26
113.04
318.77
1197.94
626.25
604.18
68.81
650.87
861.87
412.74
616.33
376.68
1192.85
148.48
357.38
388.84
904.37
1204.46
318.54
1949.99
157.01
314.03
452.12
596.60
695.67
16.90
528.61
513.03
1005.72
275.99
256.45
842.34
374.12
604.25
64.52
333.84
382.65
344.51
329.25
225.57
811.24
219.40
913.09
752.32
744.89
43.65
414.65
251.72
163.55
920.80
1443.06
80.78
427.47
75.26
754.48
737.27
102.56
522.49
496.95
167.21
263.65
587.82
56.54
6.49
874.71
515.90
470.69
506.00
161.31
4.30
189.02
171.67
1260.71
17.13
583.01
379.49
100.33
1108.46
908.03
293.09
289.66
404.46
733.59
404.89
168.96
541.19
87.60
397.74
211.47
186.58
1072.48
134.14
771.71
865.11
553.65
59.75
18.35
467.03
935.70
544.52
128.90
487.57
720.83
459.90
467.09
114.54
17.54
92.67
740.58
83.62
419.04
821.54
707.98
367.95
1021.81
1011.13
430.16
194.19
1330.92
1142.71
258.20
467.87
329.54
796.43
620.30
252.98
282.69
134.59
270.17
589.89
910.49
72.57
272.78
620.74
133.43
103.21
169.49
161.87
392.93
603.89
427.20
931.27
820.54
1104.58
122.22
459.17
1348.86
811.24
356.02
245.09
677.94
607.36
265.32
550.87
397.00
37.21
744.18
366.67
61.46
17.30
278.09
409.49
494.09
32.17
28.50
460.60
48.92
551.48
974.47
220.86
50.13
38.78
75.76
472.15
161.46
21.88
684.72
16.02
897.48
501.23
360.02
354.94
772.42
60.87
379.62
56.46
64.47
284.89
696.86
293.54
165.74
349.74
1455.75
226.30
1043.24
29.20
91.77
414.31
159.99
257.23
298.21
240.43
260.27
736.27
245.80
276.57
769.12
234.02
211.22
327.50
415.68
1349.83
598.15
90.85
485.23
854.79
108.72
67.54
192.11
782.48
305.24
490.53
560.87
83.17
371.10
61.54
708.27
902.14
343.48
476.91
68.18
417.43
1330.23
871.38
982.06
333.14
86.23
185.03
179.80
503.33
340.05
452.15
296.30
126.79
36.80
83.10
587.10
74.23
35.97
317.40
238.00
511.55
1519.15
246.33
69.13
410.57
1164.82
64.42
128.06
515.03
170.54
36.65
99.78
96.75
537.05
656.04
60.83
253.47
28.92
45.85
206.04
269.32
885.95
39.41
716.32
374.45
281.26
347.00
247.78
969.16
414.94
762.79
208.53
185.14
118.08
425.08
199.71
596.21
13.30
905.00
67.27
294.70
256.13
778.42
439.24
47.12
447.06
797.87
670.70
175.17
356.36
75.12
268.51
712.25
894.85
598.45
577.03
698.01
107.14
292.70
268.48
792.86
146.76
380.23
21.67
393.33
117.58
346.59
19.59
90.99
739.67
378.81
661.66
520.42
157.86
435.63
249.45
61.81
691.25
1150.78
65.45
62.55
258.35
333.17
261.17
229.78
371.89
0.92
907.81
57.09
44.36
407.53
104.16
88.96
436.44
417.54
60.47
318.82
559.14
17.26
89.37
652.32
164.41
841.25
422.94
752.33
884.83
221.58
185.39
862.71
69.20
312.15
164.83
2.86
17.22
201.60
139.36
773.22
534.30
728.12
350.12
64.32
148.96
548.76
253.45
64.67
525.88
479.29
298.31
511.73
70.25
107.89
323.99
406.16
692.18
777.46
525.16
116.83
101.24
89.39
146.75
526.13
199.49
339.88
59.27
133.97
77.51
239.29
306.10
1013.87
146.28
370.90
338.50
508.37
502.11
214.56
136.67
333.19
613.63
150.64
156.73
301.20
184.25
160.10
405.08
492.32
160.06
231.97
439.64
300.26
390.52
77.06
215.30
334.25
7.07
139.64
913.00
77.15
12.12
71.24
259.79
543.89
554.54
322.97
131.08
965.57
96.75
487.53
571.52
141.18
513.17
290.91
25.62
786.38
594.22
50.32
158.80
556.38
430.04
18.83
121.57
371.01
25.70
566.17
134.75
141.82
479.46
315.24
361.50
360.48
127.01
149.50
0.39
32.63
756.65
840.89
32.42
852.72
101.01
245.20
163.25
79.45
193.84
331.06
411.41
97.56
320.77
23.13
10.79
201.50
1062.93
79.38
155.93
20.92
93.80
325.25
136.83
312.84
775.51
50.66
22.56
107.21
344.96
215.68
388.27
67.57
28.66
223.78
191.31
22.82
607.68
55.36
408.17
34.43
223.63
241.78
367.53
478.97
728.33
78.49
258.74
348.18
692.49
176.39
210.81
283.71
58.12
136.43
531.77
548.92
122.47
663.39
373.59
296.35
362.47
571.73
108.07
683.25
366.61
107.87
284.77
710.93
71.79
414.91
315.27
399.88
740.68
173.52
396.95
402.10
460.42
187.20
644.96
173.21
352.02
123.77
83.58
174.36
119.05
305.80
72.03
259.32
772.66
125.14
6.06
277.63
196.63
7.03
690.94
211.98
209.64
68.86
421.55
49.52
385.06
160.86
500.49
42.48
526.84
200.04
6.80
94.06
385.31
453.82
17.83
87.53
298.57
11.03
76.21
126.62
46.01
596.88
80.12
9.41
153.64
201.05
563.33
1386.99
237.59
176.53
19.00
84.01
227.29
38.96
25.55
450.02
169.77
188.30
324.14
666.61
385.95
56.93
360.82
636.06
23.18
249.71
298.11
441.57
408.42
359.42
301.68
1413.81
78.59
584.62
1026.05
252.55
621.68
365.09
144.68
246.06
318.77
488.36
457.21
517.35
8.85
160.75
35.40
315.75
8.00
671.14
184.86
503.89
270.54
87.59
190.41
39.97
171.91
22.17
125.45
74.26
162.75
29.49
433.20
163.28
307.54
628.28
364.04
304.29
463.06
608.00
491.70
39.89
66.79
239.70
200.86
461.01
370.72
60.47
101.38
175.97
132.46
86.93
448.78
203.88
117.37
133.84
888.01
136.85
148.36
67.99
795.48
160.12
136.16
204.13
107.17
57.83
59.19
339.08
746.39
193.10
279.00
431.76
11.96
202.54
71.98
152.87
85.59
335.66
720.03
212.80
30.69
75.09
217.72
90.28
1052.28
573.61
52.86
35.67
44.64
497.67
13.49
261.87
123.32
9.98
0.96
217.35
36.92
93.74
14.18
324.46
145.24
24.56
482.51
17.71
77.12
656.81
153.90
90.58
231.71
533.56
52.59
291.09
403.31
141.09
7.39
6.49
88.08
115.72
75.74
166.55
262.64
531.29
66.93
234.46
15.58
529.84
694.32
222.75
229.87
623.60
581.66
147.92
291.91
288.71
145.80
27.55
247.28
344.94
394.47
41.13
784.76
43.86
422.10
173.05
52.29
133.03
102.38
265.45
702.05
272.92
326.97
143.46
531.20
1032.73
871.81
36.23
292.32
416.96
8.58
168.97
157.32
449.76
63.56
165.68
72.51
54.11
479.91
447.71
39.96
138.66
303.87
398.58
345.88
151.36
556.28
45.29
202.43
63.66
454.43
12.15
215.51
247.00
113.53
211.23
408.39
66.23
745.25
538.29
47.71
708.84
188.63
330.19
404.28
381.06
498.05
187.70
150.96
316.30
123.59
322.58
238.02
418.70
122.80
149.89
281.46
102.66
345.91
48.79
215.32
99.02
304.96
976.75
142.78
166.29
46.39
566.29
330.42
214.64
337.63
239.65
141.10
276.82
73.25
4.49
26.50
240.34
167.68
741.92
122.27
81.34
209.21
50.78
241.53
358.43
36.14
1065.32
171.27
112.75
66.65
307.47
29.52
62.50
550.69
384.11
100.33
272.21
182.26
537.78
324.12
32.62
355.26
682.68
20.32
11.85
679.58
506.77
261.29
281.83
4.26
42.58
223.31
110.26
91.12
166.53
565.91
557.99
180.98
26.57
107.48
183.57
153.06
606.42
361.21
8.77
204.31
79.42
0.17
21.73
132.55
7.18
192.00
422.94
780.26
277.31
76.49
18.30
726.18
405.59
279.77
319.89
152.51
107.13
488.60
712.02
319.48
205.65
241.63
47.77
233.09
62.90
211.02
125.60
501.74
44.27
298.60
312.60
423.18
525.38
67.40
69.20
122.15
227.30
28.50
458.69
460.01
262.48
157.93
423.78
165.48
15.47
541.62
305.67
187.38
439.88
281.69
595.66
541.11
115.96
248.14
108.64
406.74
171.51
143.13
164.56
612.10
356.01
309.38
103.24
63.28
45.25
10.56
174.55
199.63
148.77
12.04
138.58
128.05
237.10
319.68
162.79
111.41
204.72
187.47
233.94
423.19
132.46
214.97
246.45
143.30
205.18
187.89
98.89
416.03
252.32
737.89
54.96
361.97
223.48
10.45
9.47
0.33
6.19
20.26
243.50
196.39
33.28
167.24
541.35
256.16
93.56
254.83
67.44
164.86
402.23
155.73
154.34
483.18
295.14
91.08
439.75
791.68
291.58
256.08
334.91
289.56
478.92
543.58
387.17
200.60
39.88
15.90
275.40
320.89
46.01
553.53
174.35
141.65
184.72
498.51
32.96
31.17
643.54
61.49
436.49
37.26
295.20
16.85
27.45
300.18
23.13
780.90
39.91
35.42
80.19
185.24
102.68
439.76
28.71
76.72
80.59
46.95
478.11
114.35
92.27
475.34
138.28
162.93
4.12
171.06
101.29
347.47
546.89
258.82
54.24
92.82
47.19
34.00
169.16
55.45
105.43
229.35
549.49
125.04
42.50
135.03
136.15
382.08
788.51
29.94
22.41
37.49
59.07
753.96
154.85
55.77
325.51
131.36
260.47
70.04
625.71
219.42
85.78
2.74
431.09
348.20
424.10
260.83
137.31
1045.35
417.62
289.48
97.57
386.85
266.15
55.04
138.13
377.60
111.06
332.78
97.91
159.55
126.37
389.44
20.72
74.26
74.67
278.50
407.53
213.22
364.52
39.21
628.26
165.22
257.42
277.26
76.73
124.74
596.06
103.78
15.28
144.08
207.83
120.47
31.25
431.89
302.83
53.35
62.48
325.76
38.01
5.24
339.58
352.92
113.93
311.73
244.11
353.65
264.74
129.10
281.20
104.00
924.95
812.21
147.44
178.43
405.41
38.48
363.75
118.16
970.60
236.00
0.72
94.51
426.01
386.24
40.06
63.16
109.40
137.19
222.25
11.14
333.24
96.53
222.44
223.95
215.26
284.91
274.92
62.76
326.19
114.68
160.86
68.27
82.52
345.25
653.70
657.50
202.97
57.91
23.00
50.66
319.71
113.80
519.76
196.98
486.72
130.48
90.41
300.50
461.54
186.43
39.63
297.23
357.61
338.40
112.72
179.83
459.79
55.36
66.52
260.34
358.64
19.68
24.85
103.42
42.20
324.04
78.34
159.94
125.11
108.43
142.78
135.65
91.65
302.71
463.18
44.80
352.77
230.28
180.49
103.21
299.50
347.81
76.49
79.86
106.99
26.80
177.48
382.99
142.32
226.81
386.84
163.95
48.13
145.35
26.74
36.49
52.15
145.00
4.95
333.79
249.29
206.87
301.34
412.99
24.17
157.03
425.98
26.12
25.18
603.12
577.45
22.35
132.13
443.25
96.37
408.02
4.24
79.69
79.12
312.97
12.30
429.46
120.33
395.69
33.25
371.19
363.91
270.42
325.27
183.76
97.83
251.17
269.80
106.63
481.40
158.83
560.02
164.97
67.79
35.72
99.69
151.70
75.29
160.97
99.26
304.93
6.04
387.52
354.09
47.65
25.22
67.79
440.00
112.02
85.05
49.04
6.94
142.80
63.02
54.97
165.09
0.35
422.41
45.69
284.81
150.92
99.97
157.14
250.34
115.65
164.06
563.01
274.69
95.37
312.77
153.51
324.45
222.09
418.65
157.41
173.76
227.43
11.68
303.62
167.92
64.15
64.00
158.61
203.41
127.26
127.68
221.97
92.56
283.50
73.26
76.63
297.61
333.04
202.64
111.28
144.00
251.45
411.13
39.99
150.41
26.40
179.40
126.07
219.81
370.14
282.17
217.65
261.31
533.20
154.52
142.11
107.20
415.87
147.22
354.41
175.15
312.53
23.73
457.53
59.68
78.76
181.90
98.61
95.60
430.54
125.17
141.01
399.49
175.02
9.25
19.30
328.16
313.10
35.05
216.16
78.18
135.42
393.21
380.92
170.11
271.91
91.61
177.32
120.99
896.73
3.35
428.33
278.86
424.09
45.10
85.85
83.86
96.35
757.43
176.04
38.67
84.76
278.20
249.73
7.42
202.54
199.01
93.91
78.34
310.10
408.20
49.67
176.77
73.03
104.70
418.78
475.69
5.49
48.13
468.49
236.04
34.51
187.19
8.17
318.76
292.94
289.36
116.34
55.94
60.73
523.02
84.93
39.90
359.78
382.75
412.12
266.04
449.27
169.96
224.15
774.70
101.22
114.68
265.74
97.07
317.35
4.42
90.69
188.23
219.61
187.16
74.67
204.87
257.82
288.06
109.82
300.26
286.63
315.22
228.32
186.66
35.47
267.85
457.91
80.90
540.50
580.27
514.18
49.21
56.27
303.45
197.58
316.06
39.15
56.11
65.08
544.27
215.36
202.63
10.43
451.58
77.83
78.12
106.21
70.45
148.12
207.12
401.53
139.73
307.66
232.75
196.52
50.40
138.72
71.39
89.25
423.23
66.87
101.76
166.22
114.12
74.84
60.20
417.55
154.02
605.78
69.71
103.82
238.61
59.60
388.39
195.69
100.42
368.71
604.03
167.42
559.74
64.01
133.79
83.02
432.96
175.92
205.21
340.58
45.76
102.55
300.80
187.07
102.50
208.07
108.90
626.96
208.31
58.97
459.45
111.48
37.80
192.85
558.19
94.03
309.12
377.96
74.40
147.14
66.36
37.41
175.49
165.43
198.91
37.61
288.86
13.06
101.17
493.98
266.56
193.57
637.30
31.90
335.68
46.88
129.15
240.47
119.01
191.92
98.96
388.12
109.72
227.12
518.61
328.83
82.30
147.49
377.21
149.20
106.06
5.54
120.78
327.64
395.11
209.70
1060.93
939.12
88.17
294.20
175.08
44.40
176.50
316.16
72.81
226.51
127.64
105.15
159.07
122.13
127.82
6.24
42.29
24.84
13.05
95.80
20.41
400.27
27.63
138.65
118.60
46.41
11.67
164.25
211.15
114.32
90.85
234.30
120.32
47.04
151.70
246.78
257.86
3.18
357.31
136.58
249.01
142.93
90.41
111.59
84.99
78.17
173.11
153.60
231.35
191.91
342.14
11.39
130.15
369.06
263.62
249.68
158.48
470.21
62.94
160.61
21.38
106.10
325.57
10.54
152.41
94.82
106.72
0.33
61.03
157.89
214.86
79.50
338.62
5.99
42.86
392.52
19.21
40.44
60.81
115.39
216.86
72.71
78.51
113.42
192.71
626.11
20.84
21.82
121.36
134.60
46.91
263.19
147.62
559.19
75.20
331.95
306.03
65.70
42.82
322.74
65.28
11.23
3.72
25.55
180.20
50.97
509.21
394.75
117.30
369.91
712.47
37.77
410.45
16.28
34.03
13.70
284.32
424.52
266.52
402.79
224.97
362.61
738.31
209.56
178.34
398.99
159.38
2.61
122.17
112.88
132.99
122.00
34.89
111.51
304.95
126.66
147.35
197.17
387.65
282.80
61.75
435.29
226.93
238.44
324.31
260.30
33.83
87.71
26.74
46.31
60.57
303.80
7.07
150.22
283.95
232.21
71.92
21.62
185.51
499.87
69.68
634.77
242.88
136.59
152.20
74.76
260.53
71.10
158.73
75.83
7.49
581.80
85.49
214.52
536.05
131.49
266.09
67.33
190.34
14.80
267.42
229.51
89.35
205.09
35.07
159.41
109.82
52.43
95.23
91.53
197.84
44.75
380.28
56.12
66.68
592.27
617.97
15.68
1.95
462.31
86.62
398.81
197.90
113.95
398.15
383.81
66.45
365.00
283.64
501.99
108.86
242.97
30.20
497.14
55.75
17.62
4.67
8.75
464.45
92.33
125.01
145.84
59.62
362.74
448.75
226.94
34.95
173.56
83.78
55.77
97.85
179.72
155.11
38.41
85.03
138.85
185.84
306.10
90.65
36.15
114.31
57.14
107.72
49.47
34.70
344.30
56.92
307.97
227.91
94.93
199.44
107.05
77.07
53.25
438.09
288.71
116.70
477.13
139.79
31.06
84.91
278.37
212.46
102.37
499.97
156.73
24.07
417.07
221.13
112.96
139.67
19.27
259.64
38.06
179.73
84.71
22.62
59.67
76.57
165.47
47.61
236.73
49.43
19.00
0.99
211.69
45.49
12.70
223.64
8.08
29.63
140.79
241.11
13.27
70.32
22.87
54.71
98.87
182.13
355.22
39.67
228.09
260.72
552.45
259.71
18.97
283.10
291.28
291.52
1.15
473.89
319.64
296.16
262.01
39.76
93.72
213.24
530.07
21.46
92.76
245.81
117.94
294.88
62.02
317.71
88.94
153.58
243.11
170.48
10.89
358.62
336.63
137.24
227.89
411.48
152.59
105.26
129.53
185.53
63.29
202.90
213.33
265.00
307.08
215.01
112.35
42.87
47.46
148.15
146.58
51.94
650.47
282.96
88.17
21.36
359.05
107.71
161.82
43.88
10.57
99.27
170.31
90.17
444.00
15.63
109.01
144.71
128.46
202.67
10.14
153.96
364.46
58.18
28.12
319.43
18.73
100.37
65.81
106.21
22.20
52.30
424.76
169.23
42.95
143.32
126.21
310.99
116.51
472.14
21.38
162.77
307.81
228.05
11.16
134.38
11.81
116.92
212.08
518.83
105.97
301.44
213.03
487.66
133.38
169.56
24.93
263.36
41.22
460.04
38.78
351.47
237.47
169.09
40.24
69.53
162.58
141.05
72.99
76.24
68.63
131.72
240.33
55.36
70.74
538.61
441.47
34.70
39.96
30.68
278.46
104.09
379.55
27.61
120.51
96.63
52.61
76.74
392.50
57.75
25.25
16.05
153.67
85.82
266.99
430.09
586.27
251.84
361.37
185.40
338.21
182.26
33.98
147.67
182.02
351.13
81.79
151.11
180.96
300.87
91.16
61.00
225.55
79.87
211.20
84.94
174.32
129.11
178.75
49.55
457.90
152.41
323.52
249.30
325.44
24.45
159.52
128.44
31.34
275.87
38.18
78.65
66.66
404.33
67.55
319.65
273.77
113.49
60.14
68.63
32.37
81.07
60.10
505.39
222.77
202.24
83.71
175.02
96.20
585.72
78.90
31.00
93.50
237.19
29.94
10.81
136.90
76.88
187.02
40.56
344.36
394.06
342.10
131.34
76.41
268.16
79.36
300.27
214.74
0.91
155.19
9.72
321.42
84.14
179.72
344.80
127.92
193.07
488.45
312.82
17.89
75.14
394.36
301.41
6.07
355.42
52.73
151.45
152.70
92.63
201.34
196.50
22.38
18.40
210.30
108.53
11.06
181.61
255.82
134.90
121.23
30.57
23.15
113.81
259.70
53.96
76.09
123.52
302.16
526.23
205.93
75.32
146.26
163.13
28.65
22.55
291.16
250.12
520.89
496.00
128.08
49.40
364.28
102.84
182.67
285.35
165.39
343.83
235.17
354.72
257.50
430.24
263.10
216.60
58.63
154.96
338.73
5.30
429.88
15.23
252.12
17.94
60.38
1.22
6.74
119.39
441.21
9.83
179.21
282.72
297.25
7.61
83.45
19.55
258.63
157.48
95.18
271.62
67.93
28.64
59.81
121.37
326.09
14.81
304.35
112.11
191.33
100.30
42.20
57.47
234.51
82.63
3.98
56.84
341.52
18.70
122.05
290.54
217.63
345.93
5.76
111.34
268.94
190.05
76.67
55.44
255.61
97.05
194.24
74.27
161.52
35.59
111.11
134.21
223.43
167.13
234.17
438.88
484.51
6.95
40.33
125.11
90.26
108.36
143.10
290.96
203.81
126.83
311.08
221.84
160.19
314.55
44.25
104.40
320.10
176.22
64.47
180.17
78.24
42.83
149.98
300.21
199.82
2.01
191.49
146.11
70.87
55.12
201.60
28.87
307.97
154.67
284.63
189.94
131.76
66.34
6.89
90.37
82.84
171.85
499.55
79.55
106.91
98.99
128.13
184.43
419.86
196.33
18.98
27.82
270.12
181.95
59.73
14.68
593.73
175.36
1.80
26.57
246.04
364.63
126.00
183.57
53.27
225.95
73.51
158.64
97.52
20.59
59.83
19.40
38.39
149.79
107.17
8.46
6.57
66.40
76.25
42.89
81.09
250.88
12.39
258.93
165.70
67.15
82.44
47.37
285.13
403.35
130.88
146.11
376.84
78.90
67.80
57.14
8.40
129.80
12.80
88.79
0.75
67.09
69.08
305.31
147.57
272.62
78.79
103.34
1.20
124.87
157.54
401.08
168.61
183.36
168.49
177.50
75.11
24.49
165.77
272.55
402.14
97.67
21.15
42.51
36.73
199.34
44.16
146.87
104.46
55.09
19.24
18.78
159.47
441.29
3.42
168.91
90.78
100.51
178.29
47.64
16.28
81.74
357.19
267.59
402.18
53.47
283.06
54.76
61.11
31.23
83.60
476.50
8.75
551.26
64.09
423.11
37.51
89.31
15.20
23.06
336.53
213.00
177.40
1.27
44.32
8.90
639.77
252.68
157.99
271.98
119.37
417.90
156.05
136.20
64.78
24.71
215.73
250.71
88.53
75.34
269.70
353.81
12.01
82.45
349.49
242.46
271.69
76.50
22.57
48.28
38.41
174.49
216.89
441.59
359.97
53.29
283.28
204.98
57.63
48.67
79.14
429.19
44.81
120.44
229.80
145.12
160.64
215.74
35.51
336.67
316.88
430.24
118.62
65.44
22.21
661.49
133.57
116.41
88.81
60.31
346.90
17.63
452.88
225.11
391.72
66.00
36.12
86.25
395.94
270.88
181.63
244.89
81.13
34.34
18.40
140.54
220.72
246.12
97.35
72.83
127.57
240.28
92.84
159.17
121.18
66.40
13.34
145.83
25.04
94.55
836.86
67.39
154.53
100.11
156.67
175.16
680.69
273.97
171.04
5.03
203.57
143.05
15.88
234.08
219.01
202.45
5.25
24.15
14.65
0.13
3.21
598.17
96.39
69.28
6.05
193.43
37.94
43.15
175.45
138.01
65.56
15.57
149.61
18.54
96.53
651.28
161.45
22.42
18.78
159.94
81.67
125.66
228.53
129.92
20.02
31.16
359.39
140.84
152.29
326.15
193.05
56.89
120.14
2.49
239.85
534.49
65.48
347.91
320.17
156.93
105.65
35.50
200.81
217.61
243.07
26.53
155.83
134.39
315.07
113.37
96.78
160.17
84.48
262.62
260.67
457.07
73.06
111.90
13.70
101.64
83.31
112.34
14.20
102.72
1.72
14.81
71.77
81.89
247.03
292.05
148.41
50.19
3.44
169.25
170.62
30.15
84.90
38.27
72.47
221.26
182.97
40.70
29.28
29.91
386.54
45.56
19.98
398.79
39.15
142.57
42.77
4.14
137.15
124.12
2.76
185.31
324.40
26.91
10.15
197.63
118.58
20.30
138.66
167.33
317.93
165.15
77.49
208.31
234.84
338.03
92.86
485.25
110.41
47.51
51.77
402.08
24.20
598.54
4.61
2.46
118.03
87.66
60.30
29.80
103.02
40.31
114.87
346.80
82.32
111.62
357.78
220.22
97.53
32.77
44.02
311.95
86.61
139.80
91.09
40.17
13.67
26.62
244.52
87.87
38.39
5.23
338.43
73.74
37.07
108.22
107.73
182.81
371.62
293.17
147.17
82.91
389.60
229.29
72.64
30.63
100.27
70.14
47.22
84.92
190.45
131.22
23.21
113.65
290.80
142.62
356.68
157.40
384.93
32.25
92.54
97.77
113.45
80.03
56.74
160.35
75.27
145.70
185.95
102.10
9.64
211.77
202.04
18.58
242.70
180.85
219.26
75.87
95.12
125.71
222.27
30.08
95.91
344.97
385.43
321.37
106.88
138.05
15.67
2.42
42.38
249.52
2.24
9.98
253.89
67.40
7.07
435.33
104.60
75.19
212.76
425.42
327.62
73.77
319.37
9.92
207.20
239.88
49.68
123.47
174.27
125.61
82.98
215.37
178.97
106.87
12.71
138.56
128.33
61.60
8.83
98.10
128.59
119.97
45.33
281.92
12.96
113.72
249.12
92.29
148.50
97.09
4.36
136.64
104.77
128.77
121.70
55.13
37.13
81.51
62.14
23.45
23.72
68.32
69.98
16.43
171.15
285.79
138.25
39.25
186.41
13.47
110.34
131.67
124.87
192.80
103.84
93.85
233.38
296.85
446.81
105.89
103.64
314.56
68.57
6.77
44.82
81.80
116.36
151.66
260.54
308.11
108.70
5.74
114.10
122.20
251.49
82.59
140.13
35.58
41.00
61.40
93.63
227.88
72.45
7.39
170.54
29.13
26.46
203.61
108.24
17.74
350.30
113.86
0.90
163.51
63.68
29.31
136.29
150.15
78.14
1.96
342.25
100.61
174.68
212.21
135.90
95.93
200.30
80.88
303.05
201.45
156.88
457.97
109.05
232.64
9.24
97.72
351.64
49.22
142.94
93.40
54.77
129.92
115.05
168.96
131.77
148.12
252.95
81.88
37.94
380.67
218.64
75.51
9.73
17.31
365.36
32.70
402.93
189.86
81.79
97.08
124.26
164.71
226.85
193.38
148.65
160.96
602.88
126.87
341.48
212.40
66.06
11.82
1.91
88.38
64.93
24.32
47.80
87.57
98.55
263.03
176.36
382.59
40.33
163.11
213.68
50.88
122.91
318.34
15.06
62.75
88.04
120.32
293.97
46.68
59.44
208.11
104.97
193.18
10.45
15.41
198.75
6.60
73.72
11.68
99.04
6.58
66.79
244.94
31.61
40.91
43.15
122.81
193.37
216.93
122.03
203.80
405.05
145.00
146.30
12.99
133.75
25.54
72.97
85.99
36.07
119.07
101.86
176.86
52.05
156.66
57.98
547.98
50.12
155.24
12.12
9.04
274.04
137.95
20.11
135.50
139.72
127.03
45.72
139.01
27.84
424.20
46.02
272.12
160.55
10.80
296.24
230.73
87.52
92.05
120.20
195.13
185.07
138.43
314.90
280.19
175.06
61.15
269.99
38.38
278.31
69.30
682.27
134.42
360.96
114.45
151.00
115.18
41.65
28.18
107.36
184.81
85.98
3.99
264.67
384.42
29.38
108.76
84.62
37.31
42.28
69.78
373.35
359.27
15.53
45.99
40.76
332.52
258.26
16.74
80.71
332.49
319.74
9.80
120.41
119.84
237.24
51.79
39.67
83.33
94.01
90.09
126.37
219.40
17.42
46.47
56.36
6.07
83.38
177.63
33.52
98.72
172.71
317.56
72.79
393.77
34.45
78.00
291.48
154.31
185.99
28.75
392.76
20.74
115.48
21.77
3.73
13.74
38.02
401.06
192.68
25.21
93.09
165.18
42.88
38.99
314.23
288.44
294.86
99.08
0.12
207.35
54.65
60.21
73.11
152.11
159.05
162.00
201.34
80.90
223.31
40.33
31.78
256.51
187.61
3.70
171.75
214.40
137.77
289.25
306.56
191.10
147.19
46.80
27.86
95.35
35.88
78.98
87.67
104.54
185.45
414.54
45.51
132.89
279.05
284.35
92.03
224.71
685.99
371.37
14.25
51.40
236.36
216.74
101.89
249.50
1.77
3.79
254.38
10.31
59.71
102.08
622.52
176.88
148.48
175.37
285.00
15.77
66.10
279.94
303.38
84.35
40.95
171.43
46.77
383.65
96.24
41.94
21.88
6.00
114.78
64.12
54.33
64.61
51.04
146.56
259.19
233.47
392.84
249.08
101.16
130.50
131.92
162.72
150.27
118.18
399.25
72.03
488.18
203.08
43.93
143.85
92.53
18.60
3.95
98.12
427.64
71.34
88.53
120.94
150.68
157.91
295.10
55.80
11.65
31.60
468.05
489.54
114.03
184.38
18.50
194.57
408.85
108.76
216.14
1.33
62.40
60.33
93.82
14.62
295.44
242.80
173.51
54.67
125.20
147.79
528.19
142.23
78.80
146.89
34.31
181.45
161.90
27.38
87.60
31.71
33.01
133.62
330.25
235.13
180.72
158.14
7.84
129.60
121.04
31.08
21.66
142.75
16.06
129.93
111.39
74.06
250.67
33.14
345.43
136.82
24.26
50.97
46.50
174.72
76.72
89.63
107.68
203.25
22.88
143.02
108.73
30.42
41.04
394.39
12.08
68.13
181.35
0.30
99.27
44.93
89.14
139.00
26.80
41.47
64.36
95.16
70.73
192.61
136.91
2.53
111.16
5.71
7.05
23.59
322.90
514.94
219.68
26.30
94.16
30.87
23.79
114.64
141.94
145.92
188.73
118.37
50.97
117.68
177.44
246.16
192.96
106.67
331.29
196.60
167.64
82.88
86.62
144.66
16.03
23.40
111.26
30.76
221.46
196.73
260.03
3.35
175.95
517.08
119.26
29.96
30.70
72.66
10.67
63.85
24.07
171.06
122.82
580.78
269.16
86.61
328.66
188.97
30.03
7.96
24.29
12.99
2.38
149.22
54.66
175.05
396.17
375.32
168.89
161.32
135.47
7.56
108.16
53.91
114.37
149.97
129.37
2.31
144.06
286.93
14.28
45.28
108.89
129.83
86.43
78.92
193.93
9.31
28.97
27.61
93.71
49.85
127.89
17.78
55.96
111.07
225.56
29.19
118.00
144.92
13.60
94.03
171.32
61.45
222.31
166.87
162.10
62.67
174.88
108.87
276.97
51.74
93.21
209.18
33.58
33.32
107.48
33.11
9.60
65.18
54.64
76.97
62.22
214.95
102.37
131.25
23.18
46.58
51.51
35.22
351.34
90.81
114.37
292.07
202.25
127.25
61.86
51.95
478.49
49.19
347.38
33.44
164.99
237.10
177.14
12.32
112.08
306.61
264.60
303.57
156.09
473.43
160.76
180.61
90.07
24.73
72.26
301.70
146.96
86.01
0.54
154.55
120.05
132.35
96.52
57.60
241.75
79.01
3.58
59.20
39.12
32.51
301.00
30.87
161.73
174.48
147.65
181.30
153.96
309.81
171.31
71.54
36.57
76.23
26.30
90.02
14.64
31.79
218.89
286.22
282.01
9.10
139.92
26.97
180.51
104.63
47.01
182.80
26.33
157.69
157.06
219.72
61.63
61.54
125.74
8.64
277.68
185.21
489.68
22.31
324.15
137.46
38.75
273.65
4.33
451.07
84.78
256.86
55.28
135.60
50.27
18.38
115.85
227.13
20.31
49.86
166.28
100.49
115.66
45.13
6.06
58.81
115.00
35.56
172.21
55.89
136.34
44.36
332.61
82.66
191.47
111.97
58.03
99.22
40.79
229.65
93.78
319.58
463.47
159.20
91.09
74.66
127.76
12.45
1.53
1.72
43.38
40.00
143.68
25.72
101.53
192.10
432.03
48.94
38.59
4.80
51.15
105.04
30.13
198.28
477.27
38.26
142.14
2.20
17.31
75.13
110.88
17.25
410.02
77.59
87.02
45.30
78.58
61.26
104.10
47.31
219.97
274.23
87.19
69.77
53.63
75.69
237.92
26.78
55.35
68.61
133.79
33.23
112.89
75.25
238.89
26.87
28.84
34.76
118.92
113.10
60.05
174.84
91.34
209.97
39.30
12.53
182.25
23.69
77.02
2.36
80.39
174.37
14.86
236.95
34.26
56.22
66.59
44.88
56.13
78.94
99.81
65.32
125.48
349.63
273.36
11.44
20.41
313.47
115.04
57.63
6.81
96.90
138.93
31.33
98.15
57.55
308.51
36.52
63.11
80.75
106.44
333.22
130.71
120.45
35.71
228.77
63.11
26.92
152.97
164.78
32.09
106.70
38.05
35.46
14.17
237.87
44.06
376.04
318.11
114.33
73.58
5.99
1.48
51.93
6.86
134.66
197.53
24.01
237.55
258.91
144.69
27.64
184.48
0.72
201.44
107.89
257.26
45.89
80.80
8.05
62.98
87.19
133.20
53.15
52.64
105.98
107.14
39.55
125.62
92.02
147.71
492.99
103.70
29.94
3.07
455.22
89.58
282.80
83.01
255.45
225.63
30.73
92.51
35.37
86.98
69.52
95.85
3.43
321.80
230.41
256.74
175.75
101.95
10.83
93.16
192.73
17.59
47.45
69.58
120.17
234.38
3.96
88.44
66.56
39.29
162.11
7.08
79.76
2.50
213.31
25.20
166.99
0.72
8.80
140.15
53.55
135.43
48.51
98.09
57.51
316.37
54.88
54.19
125.45
60.30
249.14
90.22
99.01
31.41
199.64
26.09
0.49
204.70
71.62
168.99
304.43
456.54
158.65
6.15
139.57
44.00
197.10
137.28
49.30
63.27
74.28
13.82
73.87
69.78
78.35
156.16
291.83
3.62
25.73
67.96
191.40
26.29
0.36
321.50
397.28
20.17
11.80
143.68
109.28
14.55
108.61
123.88
38.77
3.57
79.81
6.93
150.77
26.13
294.32
131.94
172.92
74.37
107.45
204.50
39.10
3.31
131.41
41.77
252.17
25.80
60.70
27.37
177.62
12.43
130.46
52.31
84.63
50.80
135.74
245.67
260.21
128.85
1.28
208.42
184.92
454.08
59.07
9.69
239.57
526.44
8.85
103.83
167.18
65.95
116.57
2.32
62.17
256.32
190.82
52.16
8.36
93.31
23.85
30.33
39.38
29.03
60.82
173.46
45.11
37.90
197.04
258.90
63.92
41.99
377.82
29.36
9.52
83.66
200.83
146.54
85.08
50.13
32.95
181.97
83.28
23.93
76.51
145.68
103.03
3.26
265.14
43.09
75.50
11.01
249.24
85.83
53.90
186.78
206.62
114.54
33.07
152.24
233.05
204.48
107.03
51.79
20.89
318.34
70.11
148.33
58.98
1.49
126.32
463.94
15.87
105.44
266.33
80.74
228.80
181.07
136.01
42.73
20.64
7.92
25.27
134.18
51.57
26.71
53.46
38.40
296.52
51.00
11.29
103.57
36.72
40.18
207.69
102.70
22.75
239.82
61.22
401.89
21.52
63.38
140.66
122.63
21.14
14.83
126.25
86.00
2.50
122.15
20.60
146.16
263.32
166.33
21.00
100.12
143.76
217.05
132.02
0.74
179.51
313.46
180.30
113.03
166.61
62.95
120.18
128.10
6.72
107.60
29.93
64.44
48.68
91.15
176.15
251.29
127.61
101.47
246.21
210.46
39.96
40.05
36.14
6.69
199.15
37.03
37.70
54.14
144.61
275.86
203.33
171.64
1.48
171.70
249.13
24.67
2.82
69.37
206.70
103.49
71.34
110.40
31.29
105.67
61.86
7.36
207.54
118.27
230.19
95.13
48.05
357.60
29.22
37.79
55.99
52.55
34.92
101.66
181.58
5.55
27.84
68.29
218.63
45.29
54.93
36.95
95.43
52.21
153.38
45.61
33.24
250.29
426.21
201.26
44.67
48.99
46.51
62.21
297.65
195.42
473.17
3.65
287.84
66.06
240.63
207.70
132.05
209.27
133.34
124.92
82.70
132.42
50.29
219.04
11.18
250.45
114.86
132.98
286.30
69.71
87.65
87.48
137.70
127.26
234.49
1.05
124.28
77.00
218.51
154.28
89.13
199.94
68.72
129.49
273.00
441.97
328.68
108.22
148.24
54.07
266.86
91.10
7.42
6.05
23.75
142.49
125.81
72.04
256.65
189.48
111.52
200.39
48.28
99.92
26.66
209.63
126.17
566.12
80.44
293.22
31.94
32.91
5.91
177.11
224.43
18.16
19.53
105.47
135.59
35.69
103.24
20.11
55.52
177.11
7.86
97.52
19.24
84.85
169.61
7.52
116.87
75.45
39.34
133.64
56.92
66.37
253.95
31.51
234.77
108.24
153.53
267.97
25.04
357.93
76.85
116.08
17.01
196.44
239.70
83.36
26.65
33.91
211.06
45.66
244.55
230.12
183.92
11.48
13.49
75.91
2.63
204.18
144.77
8.96
78.35
102.43
75.59
155.08
3.31
306.51
124.11
132.11
212.08
12.27
129.52
219.46
215.00
9.92
33.83
109.61
273.28
50.22
15.54
198.46
23.15
73.48
210.67
105.14
377.58
158.18
78.32
7.93
92.63
123.45
58.42
227.98
104.27
141.81
39.23
212.16
103.73
396.22
110.99
199.36
1.55
121.96
12.27
10.49
48.80
5.86
200.66
21.24
167.65
58.63
85.67
194.90
45.16
157.44
78.20
225.56
116.77
79.06
87.79
448.94
117.62
149.70
48.25
215.51
112.76
154.80
193.51
474.94
6.09
249.13
295.61
166.09
300.86
219.74
179.75
21.25
89.21
37.59
28.63
54.44
186.88
12.16
174.83
41.66
15.40
171.34
44.62
77.68
35.43
51.70
109.18
165.61
24.07
40.02
85.79
3.16
57.26
66.59
275.32
53.83
301.38
60.48
219.60
42.09
65.27
32.52
67.85
112.46
87.05
263.83
210.37
36.24
81.47
271.43
90.10
77.59
256.64
16.70
35.38
109.89
346.44
65.91
191.12
19.76
34.96
83.72
40.46
32.24
234.30
309.71
32.79
120.28
61.94
45.91
148.89
46.62
95.65
12.09
287.78
16.96
3.18
77.72
67.27
6.84
10.06
81.97
446.30
18.91
217.36
185.70
125.05
42.61
210.23
339.14
126.41
88.08
13.67
94.53
24.68
102.53
17.78
2.62
40.22
166.00
250.62
96.68
2.13
75.17
33.74
39.80
16.06
118.59
25.33
4.70
16.01
179.27
63.71
62.30
278.78
3.95
48.13
44.36
96.74
134.90
260.07
142.57
185.41
225.61
4.51
12.11
4.04
56.68
62.02
106.05
279.66
30.18
79.62
403.28
9.17
6.13
246.33
33.75
12.78
35.72
260.43
291.09
109.55
21.12
102.79
231.45
273.14
86.91
149.85
105.49
99.84
59.03
79.24
246.92
177.97
85.07
130.61
56.70
7.42
147.34
235.31
76.85
1.42
54.11
176.73
61.00
27.51
79.78
187.38
347.04
64.45
53.84
56.98
36.99
50.74
7.34
91.59
240.56
178.49
35.11
96.27
26.77
136.44
116.42
59.23
32.66
253.51
33.91
267.32
2.51
206.27
173.29
21.71
146.51
94.56
246.23
26.28
23.54
177.11
15.76
44.88
3.66
24.44
41.09
33.22
109.54
308.35
71.26
42.72
17.92
243.72
241.56
14.32
205.20
29.37
54.24
206.34
284.20
176.45
104.71
125.64
247.91
44.48
60.20
80.28
334.18
290.02
85.15
132.54
149.06
24.21
128.89
11.67
506.83
236.59
48.82
60.52
105.91
236.48
87.44
129.19
73.66
105.84
52.87
142.59
122.46
54.85
4.39
428.99
60.94
134.89
45.33
1.92
63.29
107.29
63.74
90.71
337.09
6.31
1.24
113.27
135.45
26.50
68.24
65.72
43.74
35.20
58.45
169.85
224.45
66.95
66.59
24.30
284.47
303.47
130.54
37.42
90.42
22.06
28.58
89.59
88.63
4.36
6.77
3.21
141.55
130.92
40.56
55.26
185.72
54.57
2.11
24.17
39.51
29.52
122.52
150.80
222.83
23.56
133.36
130.96
100.13
43.96
21.10
1.72
124.80
137.92
8.25
42.30
31.05
87.62
61.75
339.18
109.49
191.44
1.51
122.21
27.92
193.44
120.83
21.30
136.37
148.06
103.71
76.60
389.60
249.72
184.15
119.80
346.44
6.13
57.48
224.17
9.18
118.50
29.04
36.05
138.67
201.40
39.28
50.54
46.62
177.64
56.36
0.41
2.33
20.52
159.56
3.15
18.42
266.12
5.10
20.68
98.24
98.18
51.53
5.51
187.59
135.17
153.94
72.65
63.20
140.99
62.58
10.36
121.95
91.46
151.46
1.56
512.04
23.47
20.99
2.81
2.88
236.78
59.91
100.48
8.03
72.14
111.84
256.60
32.97
172.57
44.14
94.53
19.94
77.44
148.19
4.39
6.27
236.28
66.30
21.58
66.76
112.61
5.74
163.60
11.49
93.81
84.43
32.96
113.86
152.83
88.95
57.64
209.96
6.02
182.32
84.54
148.51
233.58
54.75
129.49
208.72
127.12
179.73
62.61
69.61
66.02
236.26
192.40
146.59
144.59
323.78
71.37
58.64
121.23
42.16
26.73
22.95
7.75
44.07
165.09
57.99
126.56
217.80
171.02
8.97
208.26
70.01
66.53
154.71
62.86
60.56
67.34
68.52
368.79
227.35
184.78
75.33
157.20
162.00
15.78
128.88
117.13
265.49
47.48
48.98
191.56
30.74
18.49
92.04
204.52
266.14
44.28
141.90
148.75
244.66
28.54
0.64
63.93
266.63
10.58
91.36
152.71
0.37
281.23
72.34
44.79
1.16
15.71
89.32
364.26
161.45
35.65
251.67
180.64
264.11
124.90
79.64
64.56
41.44
11.48
14.43
39.01
15.30
139.35
3.72
80.44
622.88
154.35
265.63
84.50
63.72
36.79
48.61
232.85
140.96
105.35
7.07
136.38
25.88
26.20
178.01
30.05
160.67
136.89
16.11
343.00
86.76
159.58
13.70
317.93
115.19
173.14
40.72
20.28
73.34
177.75
104.12
173.80
145.92
33.49
47.02
142.26
88.91
132.53
6.22
112.97
57.33
48.58
40.32
85.63
28.90
99.54
166.95
92.05
69.87
98.04
17.17
50.42
23.89
9.91
76.87
170.42
151.38
131.28
212.44
38.14
30.40
31.19
7.73
465.04
27.14
111.89
61.91
203.54
3.01
323.80
322.99
100.58
254.20
95.50
452.85
27.52
95.63
61.40
15.09
56.69
59.60
35.75
174.21
132.94
216.27
31.01
154.77
10.80
86.39
259.56
251.01
145.89
8.20
54.00
49.95
34.32
104.16
65.31
44.05
119.19
76.12
136.00
163.55
47.89
12.39
191.88
135.34
197.80
36.28
3.94
185.07
196.13
339.25
46.92
127.93
109.57
224.06
146.08
178.31
67.87
18.93
75.66
404.53
40.09
20.34
63.86
57.68
17.53
188.10
97.37
203.30
104.15
175.24
165.65
59.16
75.79
44.88
21.31
149.98
262.10
60.72
0.13
31.84
1.78
13.41
49.67
102.08
0.90
247.56
64.88
197.18
34.42
122.29
15.16
63.38
0.80
308.67
70.27
167.21
85.29
147.38
77.69
287.03
8.52
23.75
124.12
516.31
98.86
3.18
55.79
116.55
155.49
26.30
127.46
129.40
238.86
17.77
237.00
187.13
19.62
75.18
50.42
21.14
35.97
19.13
167.98
58.33
146.04
32.35
427.15
89.14
7.04
71.83
53.16
21.41
117.27
48.34
135.96
113.54
128.06
388.13
70.81
351.91
128.24
10.94
141.35
183.54
61.62
119.86
31.40
5.02
112.35
77.25
199.55
260.69
67.23
10.80
255.20
29.66
56.95
89.16
107.09
268.69
196.22
91.72
24.87
78.71
74.03
169.25
37.13
30.09
200.74
239.92
115.15
182.54
11.56
97.59
16.11
111.33
0.97
88.41
195.44
10.75
27.49
45.68
43.30
248.35
34.06
161.19
262.11
140.37
235.41
58.29
60.31
90.98
327.90
376.59
185.05
47.73
9.90
143.80
156.77
15.53
248.99
199.12
31.01
241.03
24.84
28.27
6.52
104.99
141.88
176.38
225.34
82.13
23.08
15.94
64.57
24.55
135.41
10.28
61.75
1.92
238.40
50.76
157.53
183.01
41.88
15.39
123.96
108.98
96.33
66.06
100.08
14.55
42.66
49.24
23.70
182.25
116.94
20.85
31.00
76.34
171.83
239.98
1.82
133.21
103.85
264.35
43.95
5.08
115.47
86.76
13.32
159.75
112.32
14.07
167.07
140.25
86.08
343.04
88.60
100.49
161.61
191.62
152.57
78.22
46.17
76.84
2.56
109.21
191.63
76.09
235.88
146.23
32.77
328.88
15.70
15.89
102.13
90.23
132.87
38.07
237.96
204.19
215.95
70.35
161.72
123.89
1.51
92.60
197.02
67.60
140.13
140.97
82.49
26.42
54.30
226.94
78.30
129.89
139.83
70.98
82.09
20.74
195.86
75.73
5.80
15.55
141.39
66.28
116.72
171.76
66.05
96.22
65.26
21.76
168.23
22.66
46.17
65.89
42.49
159.77
29.33
185.84
49.92
58.45
120.17
50.38
159.05
85.89
56.24
71.81
242.55
9.77
2.37
8.05
72.27
116.96
406.95
301.10
73.64
112.95
42.20
10.08
176.05
315.82
53.26
24.12
29.79
14.11
263.93
34.20
101.72
89.85
70.59
71.38
182.23
15.79
32.04
71.23
81.19
41.68
157.88
111.01
22.38
91.56
67.94
287.26
16.69
65.49
102.77
35.92
190.20
125.97
249.23
79.61
231.39
55.05
115.48
67.26
97.06
252.42
69.10
121.60
6.52
192.40
303.85
14.23
48.66
189.66
112.17
36.71
194.48
107.23
92.46
125.77
21.49
22.75
207.68
53.37
69.15
42.80
58.31
38.59
21.22
63.53
55.30
63.81
30.41
324.10
162.62
25.99
121.91
4.26
144.48
79.27
43.83
24.90
119.25
113.13
60.30
43.69
7.25
58.17
405.29
55.15
5.57
1.03
204.42
9.28
13.82
133.48
10.79
62.49
99.09
25.13
38.81
52.18
443.83
14.32
184.40
7.98
21.93
187.72
39.52
80.57
94.53
11.37
101.17
221.17
23.50
285.95
4.14
94.03
81.97
103.99
150.06
6.83
139.06
61.94
48.79
209.27
263.50
88.50
79.60
136.16
291.62
72.26
98.85
55.75
142.81
13.30
108.91
49.56
39.69
127.32
56.92
11.09
25.48
75.85
113.88
25.59
97.35
104.58
0.46
65.38
77.48
41.14
130.40
106.68
17.64
193.26
31.45
108.52
7.27
108.07
235.01
38.35
11.31
32.07
129.01
18.09
11.07
298.72
135.03
52.65
116.64
154.07
25.23
62.78
53.17
247.10
112.85
171.23
59.64
111.59
208.85
182.04
197.78
111.71
49.98
184.78
43.54
349.08
58.45
59.73
159.33
15.74
105.59
41.76
138.50
185.29
128.74
130.15
72.76
67.21
59.46
19.20
73.50
121.25
53.02
289.53
5.16
96.71
62.07
145.46
6.08
115.31
85.05
319.81
168.17
13.37
42.00
174.74
126.90
70.42
266.29
45.67
273.53
195.54
266.22
22.97
114.95
185.42
97.75
1.61
206.58
198.57
16.15
47.26
40.52
10.73
219.43
32.80
31.39
336.08
75.39
94.23
134.56
29.85
35.37
243.75
48.99
2.06
83.82
104.73
69.23
433.11
264.36
2.99
30.97
93.39
269.29
299.50
83.64
137.59
102.14
158.07
9.67
10.78
348.53
202.80
78.15
10.27
117.02
147.43
64.85
200.84
88.88
12.32
395.98
88.43
26.22
158.10
25.59
69.25
7.60
192.63
17.97
26.94
68.36
1.19
84.81
113.19
133.40
22.04
121.48
179.24
82.43
39.53
18.64
59.83
156.41
60.45
115.09
36.52
104.85
134.51
16.41
37.75
134.96
113.24
127.73
6.49
44.10
104.26
54.42
388.02
2.16
61.23
115.86
220.18
128.44
95.91
237.65
157.50
24.70
22.40
17.69
3.60
201.53
80.53
39.94
155.41
4.09
47.54
10.21
107.34
32.46
149.30
165.69
192.23
61.31
58.27
27.50
140.54
161.40
70.28
36.33
52.55
133.18
148.41
136.83
111.37
187.18
51.37
292.13
94.52
118.63
158.87
46.97
21.79
3.14
46.04
185.92
138.54
78.24
15.65
121.55
3.86
5.29
306.23
92.04
69.86
19.64
154.14
104.75
39.47
33.46
31.95
213.26
126.37
15.17
77.03
42.30
45.42
364.66
187.42
9.15
148.41
81.18
43.07
103.83
46.45
25.54
102.61
160.35
156.93
49.89
127.03
28.98
13.88
35.77
19.05
20.75
189.96
68.58
187.95
317.68
137.98
20.06
20.24
8.61
163.78
133.40
153.53
27.06
185.29
99.10
496.58
63.87
84.90
107.15
72.83
115.37
46.62
268.59
71.46
184.33
21.88
41.67
33.38
238.28
138.44
163.78
141.78
80.22
32.12
157.64
24.37
151.36
99.36
52.63
324.87
233.54
210.88
87.47
106.40
113.01
381.19
19.37
106.24
13.70
73.53
76.39
165.98
253.59
194.60
151.61
270.69
359.94
31.51
23.46
73.96
122.97
58.73
2.91
200.40
40.64
70.70
219.37
55.23
104.86
65.88
149.79
0.37
219.42
3.07
43.73
48.05
29.85
57.64
77.91
31.50
237.09
49.92
271.61
131.54
118.38
28.01
141.84
1.88
35.94
72.91
196.27
203.78
189.62
61.96
48.62
22.59
267.83
145.25
72.75
27.76
10.60
259.61
145.38
21.33
138.95
61.13
46.69
2.92
80.43
95.09
2.39
25.55
13.94
84.57
20.46
13.08
145.11
191.08
12.57
137.03
78.47
25.56
35.85
116.06
164.27
105.75
58.62
142.49
10.66
16.57
175.13
17.59
103.67
62.12
25.36
3.50
62.87
44.91
120.95
30.96
125.70
44.14
47.17
12.99
20.05
15.03
156.66
69.68
22.54
30.23
43.46
144.72
64.86
249.72
266.65
77.45
67.17
235.17
311.34
203.08
53.68
2.17
8.79
37.64
320.15
101.85
207.48
245.60
137.97
27.63
9.94
125.07
71.37
15.87
36.65
92.45
253.59
82.80
28.06
71.56
252.61
15.32
22.94
215.60
97.82
57.48
172.63
146.07
255.97
165.96
30.14
10.60
108.73
195.26
87.05
77.84
69.79
134.35
97.70
7.07
81.45
96.31
182.08
63.28
134.61
22.82
361.08
62.53
5.23
24.74
80.44
7.51
2.46
14.32
214.68
222.37
225.30
196.28
253.04
56.57
311.53
102.08
71.39
85.05
122.31
122.67
351.98
245.05
25.37
125.17
33.88
15.23
84.83
164.45
40.61
82.17
75.00
73.48
7.22
181.05
55.87
9.40
1.51
135.42
115.42
41.73
67.34
185.92
17.21
120.33
5.91
100.27
98.90
53.11
121.40
173.84
123.83
33.91
77.15
160.89
78.99
39.80
64.20
188.93
29.90
190.49
25.62
150.79
34.83
217.34
61.13
43.38
44.66
38.04
127.74
16.84
73.52
105.04
65.21
115.03
22.93
79.45
55.71
40.28
207.76
141.13
270.66
102.75
93.77
1.90
253.23
216.31
31.63
94.37
295.85
9.30
57.99
71.14
41.50
151.33
0.89
40.33
89.80
177.74
101.14
7.23
96.33
49.47
64.90
199.08
189.60
282.71
17.96
13.90
8.33
175.30
214.10
195.92
232.83
251.23
13.99
296.98
50.77
86.57
124.74
43.32
102.66
45.89
284.13
84.99
9.78
5.32
79.68
101.28
5.35
175.75
36.36
170.33
33.64
2.96
254.71
18.95
108.98
25.15
32.01
108.83
31.46
15.71
90.71
110.60
43.37
47.86
39.00
38.09
166.17
101.52
234.40
60.71
193.33
125.93
183.33
21.43
201.33
102.73
212.89
157.21
31.52
0.53
261.06
8.95
133.21
111.05
171.02
10.84
124.40
136.50
100.34
25.99
52.36
67.83
1.14
77.97
210.51
32.34
215.19
89.49
96.09
24.67
179.99
117.14
62.73
192.33
170.38
20.92
40.70
129.23
231.93
214.12
53.13
53.50
83.21
110.06
47.02
54.89
13.32
67.21
77.35
56.78
22.71
114.47
43.09
22.17
154.97
63.92
187.43
37.18
9.13
6.76
195.14
11.19
60.65
1.36
75.38
92.46
124.20
24.87
239.91
22.61
83.22
160.15
82.48
47.50
126.92
174.50
23.65
91.43
123.15
197.28
205.45
91.13
363.70
141.83
106.05
101.64
5.12
14.96
7.82
1.10
239.57
214.66
5.29
61.89
57.76
65.95
99.47
240.03
39.74
48.16
281.26
3.73
18.38
13.33
195.66
141.60
75.68
48.58
48.23
51.11
79.54
20.15
56.94
109.76
117.97
281.88
106.16
32.81
14.71
49.09
83.42
25.46
53.85
146.34
6.02
5.33
83.37
101.89
167.29
76.78
34.70
66.87
81.54
54.12
11.91
100.59
74.30
35.27
54.99
120.97
29.59
29.84
170.02
230.28
88.81
80.98
163.68
45.99
53.12
48.00
156.17
15.03
126.94
80.38
88.73
92.27
178.37
186.70
14.83
516.90
20.67
130.34
84.52
45.38
205.15
145.19
4.82
46.96
48.57
143.63
7.44
55.04
37.65
96.58
64.91
16.91
58.00
87.88
113.93
154.37
65.00
106.41
257.29
12.75
242.27
72.70
57.64
65.89
232.48
69.03
92.47
16.97
17.49
4.01
46.68
3.83
30.83
72.55
9.60
64.76
12.54
133.09
276.16
4.70
17.11
137.44
31.56
64.00
59.15
47.34
94.39
77.28
254.78
114.66
34.73
31.55
80.66
32.85
184.33
150.09
38.63
88.28
124.52
83.16
127.86
213.79
284.49
3.89
81.55
7.60
32.67
83.95
84.03
148.67
15.03
33.54
80.07
160.39
38.24
198.91
18.31
229.89
106.63
29.25
167.33
73.42
246.87
79.69
92.91
177.26
59.77
136.29
33.98
54.81
276.66
105.26
18.25
32.40
159.42
47.44
70.93
28.30
39.15
50.91
172.44
78.47
85.03
8.02
100.91
2.89
43.94
96.75
28.15
30.65
58.75
99.09
4.21
66.46
61.45
310.00
50.85
177.18
96.19
227.27
98.66
4.23
164.45
54.76
4.24
28.03
76.65
17.21
13.26
138.38
36.57
32.86
20.62
47.97
176.36
166.55
62.32
9.51
92.95
61.99
120.00
157.66
104.76
28.11
36.88
21.89
5.53
9.50
8.53
53.17
132.24
96.53
150.23
119.36
236.67
176.52
41.66
102.11
7.41
34.76
23.03
78.55
96.12
45.97
37.22
74.50
96.43
350.09
5.22
80.24
263.85
16.19
206.48
17.55
253.49
13.75
172.49
201.61
16.72
169.06
254.15
134.09
126.64
153.06
50.07
30.70
93.72
2.54
116.19
63.06
27.71
172.03
252.35
59.73
11.35
472.45
65.99
14.08
111.15
110.22
96.46
124.84
8.66
124.79
195.75
42.72
92.36
58.40
88.98
134.00
1.49
35.74
4.96
40.87
77.48
39.73
51.98
122.61
166.15
51.18
4.27
54.39
0.97
227.83
169.10
219.06
17.88
5.80
165.78
84.66
16.31
31.56
72.82
39.85
159.09
156.23
213.84
223.27
13.09
43.76
157.16
66.05
56.45
180.14
8.16
79.09
12.30
13.24
163.78
28.05
83.15
49.39
11.62
253.83
207.81
39.20
37.15
232.82
26.69
154.76
86.97
44.88
202.40
138.21
40.53
51.13
75.03
50.81
105.32
59.33
136.05
48.54
27.11
139.84
21.89
43.63
306.49
11.45
154.95
76.06
143.12
10.75
380.56
157.10
20.82
71.75
111.29
62.40
50.84
195.01
42.04
70.58
95.34
161.98
163.27
204.99
51.61
7.29
61.01
237.82
64.73
76.77
96.15
177.63
23.06
160.30
35.97
1.42
11.73
60.28
72.49
87.43
397.54
41.26
78.02
192.28
40.20
10.61
59.57
109.62
69.39
50.85
77.39
212.53
10.05
41.47
101.77
156.82
250.18
195.10
7.10
72.92
20.79
57.87
73.88
69.20
274.96
14.56
192.29
85.97
29.62
42.91
21.49
20.33
155.70
35.83
10.93
72.15
171.99
25.99
22.60
2.13
49.89
20.97
7.91
193.44
12.61
47.78
47.45
33.15
60.92
211.99
97.85
154.41
79.36
111.58
83.34
62.03
69.78
111.33
30.55
203.00
179.47
13.31
14.03
38.90
57.56
39.88
162.18
41.73
151.26
67.48
8.15
19.75
63.32
59.84
0.86
77.13
218.17
23.08
45.07
116.82
55.13
44.11
91.32
69.29
40.62
17.46
33.80
161.18
53.35
71.72
47.51
63.84
62.83
129.25
33.00
152.58
31.31
51.45
250.75
1.34
85.96
72.88
179.58
290.14
139.08
112.41
96.64
368.23
65.58
410.22
50.99
88.87
33.94
22.81
147.27
27.97
51.20
191.00
45.66
14.37
2.81
182.43
8.92
29.42
28.72
93.39
121.37
74.40
141.73
29.85
64.96
119.95
137.13
39.88
100.15
29.96
183.27
21.64
5.06
40.13
27.11
14.18
59.17
38.95
165.44
23.91
39.28
51.55
47.63
288.67
105.48
176.66
100.39
38.05
22.62
39.83
156.42
55.79
108.64
176.29
136.76
8.18
234.58
32.56
60.07
418.52
197.16
25.11
25.34
67.73
14.88
36.38
241.59
0.14
3.82
295.97
32.31
17.61
138.07
121.08
59.84
55.24
82.72
81.08
133.99
62.14
49.12
17.12
155.16
138.06
69.55
5.38
186.65
15.27
159.56
19.71
208.78
77.87
20.16
69.01
69.92
554.03
212.76
175.78
64.82
127.70
141.13
13.86
71.17
104.68
13.17
8.35
118.25
21.71
15.46
144.63
103.92
10.12
26.93
74.82
9.90
15.00
69.69
167.06
40.00
304.73
123.29
48.38
61.43
12.78
105.54
23.26
4.30
200.05
51.16
61.81
148.90
97.27
121.62
267.63
282.47
167.65
35.32
4.21
310.51
111.64
137.94
27.95
23.39
5.29
32.26
50.26
32.78
66.06
133.10
107.93
95.60
21.83
96.64
80.26
54.03
59.74
258.10
53.53
134.94
20.78
151.40
57.99
38.16
25.06
60.28
103.07
65.20
25.54
45.32
40.37
76.41
69.48
65.05
24.34
79.67
40.85
15.71
22.00
76.42
21.71
16.60
128.02
78.83
29.29
1.07
390.27
10.87
5.02
79.49
18.19
113.23
47.91
38.60
78.42
9.99
200.35
11.19
62.10
23.96
19.94
138.73
318.14
57.28
99.75
40.17
111.27
126.00
268.81
187.65
3.42
3.19
71.05
76.07
40.20
86.49
29.09
77.04
95.45
49.45
159.89
134.69
133.16
4.59
158.53
12.43
74.20
51.16
56.46
36.09
62.50
97.48
70.21
362.09
152.96
81.36
69.17
3.94
117.56
59.25
161.87
207.43
137.19
44.17
154.01
31.45
45.71
125.91
220.76
69.88
117.73
22.63
54.88
525.16
168.17
19.60
111.04
27.68
117.44
31.58
54.45
0.50
13.75
117.56
20.47
34.73
142.83
221.81
7.85
0.62
189.37
6.22
19.20
30.53
12.78
356.62
63.47
226.34
135.62
230.48
113.45
81.63
66.66
95.21
12.96
78.50
103.35
120.65
29.33
109.39
158.25
148.69
139.15
203.77
83.06
37.51
9.59
81.43
45.05
226.48
110.68
42.75
122.40
184.09
23.22
83.69
4.70
36.99
33.18
117.17
103.72
34.79
120.90
16.40
76.89
175.38
114.19
74.85
36.44
41.93
9.24
22.21
204.89
123.89
23.48
55.87
31.09
69.82
3.67
20.94
93.87
55.42
53.84
125.91
5.14
56.74
6.50
119.29
37.41
113.36
227.46
95.66
10.80
23.58
60.74
46.82
165.02
154.37
165.47
33.82
34.90
174.80
30.75
1.91
129.97
216.62
225.87
89.70
299.52
17.14
53.85
62.85
67.19
187.21
60.51
4.00
99.08
65.53
178.40
46.45
211.66
107.73
95.08
17.50
89.96
21.77
50.03
84.26
90.08
47.66
81.38
108.53
179.99
73.92
163.53
80.90
118.84
18.01
63.82
52.27
46.53
14.83
48.76
65.96
59.17
12.83
232.65
68.83
211.46
44.38
1.22
118.30
13.67
60.13
18.45
33.50
20.41
27.31
161.27
125.69
