924.37 92
240.86
47.89
175.82
350.48
344.29
29.78
58.20
120.47
46.37
71.10
233.44
37.77
104.29
5.39
48.14
132.79
99.16
65.93
3.32
43.40
161.57
70.31
56.84
89.40
45.04
52.23
8.11
13.04
31.75
16.34
21.72
2.13
76.89
47.74
44.01
25.77
78.00
8.34
47.32
38.45
23.39
7.17
32.96
78.72
44.18
1.77
16.85
5.67
65.11
0.28
85.62
5.30
15.31
20.94
24.29
14.33
28.36
20.06
50.27
9.44
32.26
14.18
34.13
20.84
46.14
17.38
4.67
5.21
13.00
49.58
22.91
13.65
65.46
12.32
60.67
7.92
13.92
41.35
8.20
5.79
12.64
2.73
23.48
23.19
19.81
43.97
36.56
36.06
36.50
9.74
21.83
18.17
