54.38 948
13.11
25.39
21.96
15.86
13.82
3.63
0.46
8.13
5.12
4.67
1.35
2.64
5.83
0.51
3.39
1.03
1.19
1.56
2.72
0.89
1.45
1.64
0.34
1.10
0.25
4.67
1.75
1.01
6.26
2.26
1.68
0.14
0.11
1.45
1.12
2.79
2.63
2.16
2.13
3.10
1.56
2.00
0.43
4.30
0.22
0.38
0.95
0.53
0.49
3.70
2.23
1.96
3.48
0.33
1.41
2.02
2.27
0.30
3.16
0.87
0.74
1.53
3.44
1.62
1.10
4.61
0.33
2.75
3.55
0.62
0.40
2.19
0.23
0.78
0.78
1.81
0.84
0.16
2.80
0.70
3.59
1.89
0.59
0.85
1.88
0.72
0.98
0.50
1.59
1.81
0.50
2.24
0.38
1.62
1.25
3.07
0.34
0.76
1.65
0.95
0.40
1.68
0.22
2.29
0.73
0.79
2.60
1.62
0.71
1.62
0.55
0.50
0.36
1.17
0.69
1.48
1.12
0.45
0.35
0.55
0.49
0.14
0.13
1.54
1.00
0.92
1.06
0.18
0.55
0.79
1.05
1.57
0.34
2.28
1.21
0.33
0.19
1.03
0.90
0.12
0.81
0.33
0.27
1.22
1.31
0.74
0.48
0.75
0.27
1.74
0.55
1.81
0.86
0.17
0.49
0.32
0.45
1.36
0.67
1.11
1.03
0.37
0.20
0.52
0.93
0.47
1.32
0.59
1.12
0.57
0.42
0.93
3.14
2.14
0.20
0.32
0.57
0.60
0.11
1.54
0.43
0.87
0.95
0.29
0.30
2.26
2.33
0.94
0.28
0.22
0.34
1.23
0.59
2.02
0.54
0.13
0.46
0.42
0.78
0.16
0.47
1.12
0.42
0.46
0.71
0.57
0.52
0.46
0.47
1.47
1.12
0.61
0.38
0.65
1.11
1.24
0.23
0.88
0.37
0.23
0.49
2.08
0.74
0.38
0.94
1.03
0.29
0.76
0.86
2.55
0.40
0.27
0.48
0.92
0.72
0.39
0.77
0.78
1.13
0.95
0.52
0.76
1.09
0.70
1.24
1.71
0.31
0.33
0.27
0.32
0.93
1.06
0.39
0.86
1.03
0.99
0.21
0.57
0.28
1.01
0.23
0.78
0.21
0.19
0.12
0.30
0.36
1.44
2.61
0.80
0.34
0.16
0.22
0.46
0.87
1.08
0.81
0.68
0.35
0.88
0.26
0.56
1.92
0.16
0.14
0.79
0.43
0.15
0.13
0.24
0.11
0.73
0.26
0.44
0.18
0.93
0.14
0.28
0.52
0.38
0.74
0.64
0.43
0.14
0.14
0.16
0.44
0.47
0.23
1.27
0.63
0.61
0.48
0.94
0.60
0.69
0.14
0.30
0.11
0.80
0.33
0.29
0.77
0.24
0.55
0.56
0.98
0.28
0.53
0.38
0.72
0.47
0.10
0.34
0.82
0.15
1.07
1.23
0.36
0.15
0.25
0.26
0.16
0.54
0.27
1.02
0.49
0.15
0.15
0.13
0.26
0.43
0.45
0.38
0.56
0.55
0.68
0.20
0.88
0.29
0.15
0.15
0.45
0.42
0.58
0.38
0.22
0.13
0.25
0.43
0.37
0.14
0.45
0.54
0.71
0.52
1.38
0.53
0.12
0.18
0.36
0.25
0.48
0.79
0.78
0.23
0.22
0.37
0.28
0.30
0.22
0.26
0.41
0.60
0.47
0.36
0.49
0.50
0.25
0.82
0.19
0.30
0.11
0.61
0.84
1.39
0.59
0.58
0.46
0.31
0.18
0.54
0.30
0.14
0.23
0.45
0.90
0.49
0.49
0.73
0.49
0.81
0.90
0.25
0.34
1.07
0.12
0.18
0.86
1.08
0.74
0.50
0.23
0.50
0.78
0.79
0.10
1.32
0.38
0.18
0.48
0.24
1.05
0.27
0.48
0.48
0.29
1.14
0.54
0.77
0.32
0.81
0.10
0.63
0.11
0.28
0.68
0.43
0.29
0.43
0.12
0.82
1.16
0.54
0.14
0.17
0.21
0.20
0.47
0.12
0.15
0.27
0.20
0.17
0.42
0.58
0.11
0.41
0.29
0.71
0.15
0.73
0.31
0.23
0.91
0.64
0.39
0.19
0.75
1.20
0.85
0.67
0.25
0.52
0.49
0.23
0.22
0.25
0.26
1.27
0.24
0.86
0.38
0.72
0.27
0.36
0.69
0.10
0.12
0.40
0.46
0.49
0.43
0.47
0.55
0.13
0.48
0.78
0.42
0.22
0.30
0.77
0.11
0.13
0.21
0.25
0.48
0.18
0.18
0.50
0.26
0.43
0.32
0.14
0.12
0.55
0.59
0.12
0.39
0.50
0.71
0.29
0.16
0.78
0.13
0.55
0.73
0.19
0.36
0.38
0.37
0.20
0.57
0.49
0.41
0.32
0.61
0.11
0.51
0.82
0.46
0.15
0.78
0.32
0.11
0.35
0.72
0.52
0.49
0.38
0.81
0.47
0.58
0.59
0.80
0.12
0.32
0.32
0.16
0.24
0.33
0.46
0.11
0.25
0.82
0.35
0.28
0.12
0.23
0.71
0.34
0.42
0.22
0.21
0.21
0.24
0.75
0.11
0.51
0.52
1.05
0.41
0.11
0.16
0.27
0.24
0.20
0.36
0.26
0.45
0.61
0.38
0.32
0.36
0.17
0.24
0.19
0.23
0.27
0.12
0.37
0.60
0.11
0.13
0.45
0.25
0.33
0.25
0.15
0.25
0.22
0.48
0.10
0.69
0.35
0.51
0.32
0.64
0.14
0.22
0.56
0.59
0.77
0.23
0.36
0.88
0.57
0.24
0.19
0.47
0.58
0.54
0.71
0.22
0.56
0.25
0.12
0.24
0.46
0.34
0.74
0.27
0.27
0.66
0.36
0.22
0.35
0.11
0.25
0.24
0.21
0.57
0.53
0.47
0.61
0.44
0.58
0.66
0.58
0.19
0.39
0.48
0.31
0.27
0.64
0.75
0.34
0.50
0.23
0.38
0.30
0.71
0.12
0.36
0.36
0.18
0.11
0.85
0.45
0.34
0.15
0.55
0.46
0.57
0.33
0.36
1.32
0.20
0.52
0.59
0.14
0.23
0.52
0.64
0.17
0.21
0.20
0.17
0.25
0.33
0.15
0.18
0.21
0.34
0.73
0.25
0.27
0.34
0.35
0.37
0.15
0.32
0.26
0.28
0.35
0.24
0.66
0.73
0.21
0.13
0.40
0.27
0.33
0.13
0.15
0.21
0.48
0.42
0.22
0.52
0.26
0.40
0.49
0.24
0.12
0.16
0.76
0.12
0.20
0.22
0.47
0.27
0.76
0.42
0.30
0.51
0.34
0.27
0.47
0.43
0.52
0.34
0.46
0.23
0.47
0.17
0.41
0.22
0.46
0.30
0.21
0.14
0.10
0.52
0.52
0.56
0.45
0.15
0.60
0.38
0.36
0.18
0.14
0.13
0.43
0.22
0.31
0.71
0.42
0.18
0.44
0.27
0.54
0.41
0.78
0.21
0.23
0.61
0.56
0.45
0.12
0.27
0.65
0.39
0.41
0.14
0.59
0.14
0.18
0.26
0.53
0.14
0.49
0.26
0.42
0.30
0.43
0.21
0.13
0.35
0.51
0.72
0.84
0.22
0.32
0.23
0.16
0.19
0.30
0.51
0.13
0.21
0.18
0.43
0.37
0.11
0.92
0.85
0.24
0.35
0.77
0.35
0.39
0.39
0.74
0.30
0.12
0.13
0.19
0.29
0.40
0.20
0.11
0.27
0.23
0.41
0.32
0.43
0.11
0.13
0.22
0.52
0.50
0.25
0.25
0.27
0.34
0.15
0.23
0.48
0.28
0.21
0.26
0.42
0.21
0.35
0.39
0.61
0.85
0.29
0.27
0.16
0.51
0.29
0.32
0.22
0.47
0.61
0.24
0.50
0.38
0.14
0.46
0.15
0.24
0.15
0.19
0.49
0.21
0.19
0.24
0.19
0.23
0.12
0.49
0.26
0.23
0.30
0.21
0.11
0.16
0.11
0.21
0.31
0.26
0.20
0.12
0.25
0.61
0.13
0.22
0.50
0.29
0.13
0.42
0.17
0.75
0.18
0.34
0.46
0.13
0.39
0.34
0.13
0.32
0.18
0.10
0.25
