2235.25 239
943.22
917.53
201.05
455.31
263.90
567.79
369.73
123.42
103.66
83.24
260.42
10.23
418.46
52.02
185.43
87.39
70.31
197.04
5.65
97.65
160.16
381.56
170.96
5.51
34.90
319.15
122.15
114.85
187.83
5.04
58.53
140.96
19.73
199.00
214.96
1.60
92.48
162.29
31.54
101.29
105.80
21.06
36.23
3.66
76.01
25.36
42.04
28.77
114.29
61.13
16.58
44.03
104.67
28.37
45.91
7.75
112.66
17.09
75.99
19.41
57.82
96.68
113.58
151.49
73.17
43.94
89.90
17.88
82.65
9.06
35.18
112.30
29.72
88.67
32.44
29.64
22.55
41.44
58.87
19.73
73.12
61.19
70.90
207.97
0.70
61.45
4.46
24.56
22.61
9.89
116.37
82.98
23.34
16.59
20.23
100.09
20.22
28.35
72.71
33.00
3.08
108.60
72.86
24.74
7.21
59.53
68.20
121.56
8.03
103.48
14.04
23.10
5.64
70.19
133.70
115.46
47.95
20.65
40.08
79.66
3.60
25.43
36.02
35.13
111.48
9.19
4.36
13.76
0.23
33.98
48.42
15.43
29.81
7.22
128.19
60.07
37.84
31.95
2.66
8.27
64.89
32.96
26.84
111.61
94.86
88.46
76.38
104.75
6.34
7.95
19.68
87.57
68.27
30.91
9.44
39.29
43.78
0.33
2.48
48.77
5.45
5.33
1.30
15.18
36.74
25.62
24.03
15.39
34.47
13.80
45.48
51.67
0.46
27.92
28.97
5.58
20.47
8.01
0.18
84.39
33.86
27.62
30.53
31.20
7.85
37.68
17.58
6.83
30.79
92.71
63.92
10.43
8.64
24.76
8.33
81.27
2.24
2.69
7.17
21.68
17.75
15.55
16.96
2.08
20.39
28.54
44.27
49.27
19.15
21.99
3.01
26.19
6.38
47.17
26.32
24.16
12.73
23.89
53.16
18.96
29.29
5.49
18.04
6.97
70.76
9.04
39.73
38.60
32.17
5.37
20.40
1.70
12.73
45.85
3.33
28.74
73.93
15.93
29.24
